Diego Mendez	0	0	0	0	0	0	0	0	0% 	0	0	0% 	0	0	0	0	0	0	0	0	0	0	0	0	0	0	0	0	0	0	0	0	0% 	0	0	0	0	0	0
Abde Ezzalzouli 	8	313	0	2	0	0	10	3	30% 	11	2	18% 	0	8	9	8	2	9	0	0	1	0	0	0	0	0	0	0	0	0	8	3	70% 	0	1	1	1	1	0
Abdon Prats 	10	136	0	0	0	0	5	3	60% 	0	0	0% 	0	1	4	2	0	0	0	0	0	0	0	0	0	0	0	0	0	0	1	1	76% 	0	0	0	0	0	0
Abdul Mumin 	2	102	0	0	0	0	0	0	0% 	0	0	0% 	0	0	0	0	1	0	0	0	0	0	0	0	0	0	0	0	1	0	0	1	84% 	0	0	0	0	0	0
Adnan Januzaj 	2	47	0	0	0	0	0	0	0% 	1	0	0% 	0	0	2	1	1	0	0	0	0	0	0	0	0	0	0	0	0	0	4	0	68% 	1	0	0	0	0	0
Adrián Embarba 	10	458	1	3	0	0	13	4	31% 	39	9	23% 	0	7	9	10	3	7	0	0	4	1	0	0	0	0	0	0	0	0	13	11	74% 	19	5	1	4	2	1
Agustín Marchesín 	14	1260	0	0	33	26	0	0	0% 	0	0	0% 	0	0	4	0	0	0	0	0	1	0	0	0	0	0	2	0	0	0	0	0	68% 	0	10	0	0	0	0
Aihen Muñoz 	9	666	0	0	0	0	2	1	50% 	17	5	29% 	0	6	4	11	3	10	0	0	0	0	0	0	0	0	0	0	4	0	2	4	84% 	0	1	0	0	0	0
Aimar Oroz 	12	775	2	1	0	0	9	4	44% 	3	0	0% 	0	3	24	16	11	4	0	0	3	0	0	0	1	1	0	0	0	0	6	11	80% 	0	0	0	0	0	0
Aissa Mandi 	7	261	0	0	0	0	0	0	0% 	1	0	0% 	0	0	3	6	8	4	0	0	0	0	0	0	0	0	0	0	3	0	0	0	90% 	0	1	0	0	0	0
Aitor Fernández 	4	360	0	0	10	3	0	0	0% 	0	0	0% 	0	0	0	0	0	0	0	0	1	0	0	0	0	0	0	0	0	0	0	0	65% 	0	5	0	0	0	0
Aitor Paredes 	3	23	0	0	0	0	0	0	0% 	0	0	0% 	0	0	0	0	2	2	0	0	0	0	0	0	0	0	0	0	0	0	0	0	88% 	0	1	0	0	0	0
Aitor Ruibal 	13	563	0	0	0	0	7	1	14% 	7	2	29% 	0	3	6	13	13	8	0	0	1	0	0	0	0	0	0	0	0	0	8	7	78% 	0	2	0	0	0	0
Alberto Flores 	0	0	0	0	0	0	0	0	0% 	0	0	0% 	0	0	0	0	0	0	0	0	0	0	0	0	0	0	0	0	0	0	0	0	0% 	0	0	0	0	0	0
Alberto Moreno 	6	368	0	0	0	0	3	1	33% 	11	4	36% 	0	3	4	6	7	3	0	0	3	0	0	0	0	0	0	0	1	0	2	5	84% 	1	0	0	0	0	0
Alberto Moreno 	0	0	0	0	0	0	0	0	0% 	0	0	0% 	0	0	0	0	0	0	0	0	0	0	0	0	0	0	0	0	0	0	0	0	0% 	0	0	0	0	0	0
Aleix García 	14	1246	0	3	0	0	21	9	43% 	95	42	44% 	1	10	19	11	18	7	0	0	1	0	0	0	0	0	0	0	4	0	8	35	90% 	39	40	13	3	1	0
Aleix Vidal 	9	446	0	0	0	0	2	1	50% 	12	2	17% 	0	0	8	9	4	1	0	0	3	0	0	0	0	0	0	0	1	0	1	4	77% 	0	0	0	0	0	0
Alejandro Balde 	12	968	0	3	0	0	6	2	33% 	11	5	45% 	0	3	12	6	5	13	0	0	2	0	0	0	0	0	0	0	1	0	11	8	92% 	0	1	0	0	0	0
Alejandro Catena 	14	1260	1	1	0	0	3	2	67% 	1	0	0% 	0	0	8	12	6	2	0	0	5	0	0	0	0	0	0	0	8	0	0	3	83% 	0	10	0	0	0	0
Alejandro Pozo 	10	580	0	1	0	0	3	1	33% 	25	7	28% 	0	4	3	1	11	5	0	0	0	0	0	0	0	0	0	0	4	0	0	7	72% 	0	0	0	0	0	0
Alex Rodríguez 	0	0	0	0	0	0	0	0	0% 	0	0	0% 	0	0	0	0	0	0	0	0	0	0	0	0	0	0	0	0	0	0	0	0	0% 	0	0	0	0	0	0
Alex Telles 	13	753	0	2	0	0	4	0	0% 	56	15	27% 	0	2	8	14	7	5	0	0	4	0	0	0	0	0	0	0	1	0	6	13	82% 	13	12	1	1	0	0
Alexander Isak 	2	152	1	0	0	0	3	1	33% 	2	0	0% 	0	1	0	1	0	1	0	0	0	0	0	0	0	0	0	0	0	0	1	2	64% 	0	0	0	0	0	0
Alexander Sörloth 	10	820	4	1	0	0	24	14	58% 	1	0	0% 	2	7	3	14	0	3	0	0	1	0	0	0	0	0	0	0	1	0	9	12	69% 	0	0	0	0	0	0
Alfonso Espino 	14	1142	0	3	0	0	9	1	11% 	24	4	17% 	1	2	10	21	12	22	0	0	3	0	2	0	0	0	0	0	5	0	6	9	65% 	0	3	0	0	0	0
Alfonso Pedraza 	10	805	0	1	0	0	15	6	40% 	34	5	15% 	0	11	10	13	4	16	0	0	1	0	0	0	0	0	0	0	1	0	12	6	80% 	0	1	0	0	0	0
Amath Ndiaye 	7	243	1	0	0	0	7	3	43% 	2	1	50% 	0	2	3	5	0	5	0	0	0	0	0	1	0	0	0	0	0	0	2	1	77% 	0	0	0	0	0	0
Ander Barrenetxea 	4	62	0	0	0	0	1	1	100% 	0	0	0% 	0	1	0	2	1	3	0	0	1	0	0	0	0	0	0	0	0	0	3	0	70% 	0	0	0	0	0	0
Ander Capa 	1	-1	0	0	0	0	0	0	0% 	0	0	0% 	0	0	0	0	0	0	0	0	0	0	0	0	0	0	0	0	0	0	0	0	0% 	0	0	0	0	0	0
Ander Guevara 	4	126	0	0	0	0	1	0	0% 	0	0	0% 	1	0	2	2	1	0	0	0	1	0	0	0	0	0	0	0	1	0	1	3	91% 	0	0	0	0	0	0
Ander Herrera 	6	239	0	1	0	0	3	1	33% 	1	0	0% 	0	1	3	8	4	2	0	0	2	1	0	0	0	0	0	0	1	0	0	3	92% 	0	0	0	2	1	0
Ander Iruarrizaga 	0	0	0	0	0	0	0	0	0% 	0	0	0% 	0	0	0	0	0	0	0	0	0	0	0	0	0	0	0	0	0	0	0	0	0% 	0	0	0	0	0	0
Ander Martín 	0	0	0	0	0	0	0	0	0% 	0	0	0% 	0	0	0	0	0	0	0	0	0	0	0	0	0	0	0	0	0	0	0	0	0% 	0	0	0	0	0	0
Andoni Gorosabel 	11	713	0	0	0	0	6	0	0% 	16	4	25% 	0	2	6	5	7	9	0	0	2	0	0	0	0	0	0	0	0	0	1	5	87% 	0	1	0	0	0	0
Andoni Zubiaurre 	0	0	0	0	0	0	0	0	0% 	0	0	0% 	0	0	0	0	0	0	0	0	0	0	0	0	0	0	0	0	0	0	0	0	0% 	0	0	0	0	0	0
Andreas Christensen 	5	318	0	0	0	0	1	0	0% 	0	0	0% 	0	1	2	1	3	2	0	0	1	0	0	0	0	0	0	0	0	0	0	1	92% 	0	0	0	0	0	0
Andriy Lunin 	4	360	0	0	10	2	0	0	0% 	0	0	0% 	0	0	0	0	0	0	0	0	0	0	0	0	0	0	0	0	0	0	0	0	89% 	0	0	0	0	0	0
André Almeida 	11	706	2	2	0	0	8	5	63% 	18	5	28% 	0	3	10	11	5	6	0	0	0	0	0	0	0	0	0	0	0	0	7	10	86% 	1	7	1	1	1	1
Andrés Guardado 	8	303	0	0	0	0	1	1	100% 	7	4	57% 	0	1	2	6	6	5	0	0	2	0	0	0	0	0	0	0	2	0	0	4	83% 	6	3	0	1	1	0
Ansu Fati 	14	468	3	3	0	0	29	10	34% 	4	2	50% 	1	5	5	5	3	5	0	0	0	0	0	0	0	0	0	0	0	0	11	6	86% 	0	0	0	1	0	0
Ante Budimir 	11	554	1	0	0	0	19	4	21% 	1	0	0% 	0	3	9	15	2	0	0	0	1	0	0	1	0	0	0	0	0	0	2	5	62% 	0	0	0	0	0	0
Antoine Griezmann 	14	773	5	3	0	0	26	13	50% 	54	11	20% 	0	11	10	7	7	11	0	0	0	0	0	0	0	0	0	0	1	0	13	24	84% 	23	8	0	2	1	0
Antonio Blanco 	3	158	0	0	0	0	0	0	0% 	0	0	0% 	0	0	1	2	1	4	0	0	0	0	0	0	0	0	0	0	0	0	0	1	93% 	0	0	0	0	0	0
Antonio Gomis 	0	0	0	0	0	0	0	0	0% 	0	0	0% 	0	0	0	0	0	0	0	0	0	0	0	0	0	0	0	0	0	0	0	0	0% 	0	0	0	0	0	0
Antonio Lato 	9	275	1	0	0	0	5	1	20% 	14	4	29% 	0	3	3	1	2	1	0	0	0	0	0	0	0	0	0	0	0	0	2	9	88% 	7	0	0	1	0	0
Antonio Raillo 	13	1170	1	0	0	0	4	3	75% 	0	0	0% 	0	0	10	16	15	6	0	0	5	0	0	1	0	0	0	0	7	0	1	2	86% 	0	12	0	0	0	0
Antonio Rüdiger 	12	685	1	0	0	0	7	2	29% 	2	0	0% 	0	2	0	2	4	3	0	0	1	0	0	0	0	0	0	0	3	0	0	2	93% 	0	0	0	0	0	0
Antonio Sánchez 	14	580	0	0	0	0	9	4	44% 	14	4	29% 	0	4	11	14	8	2	0	0	4	0	1	1	0	0	0	0	0	0	8	2	81% 	0	0	0	0	0	0
Anuar Mohamed 	3	210	1	0	0	0	3	1	33% 	1	0	0% 	0	3	6	3	3	4	0	0	1	0	0	0	0	0	0	0	2	0	2	4	78% 	0	0	0	0	0	0
Aridane Hernández 	3	144	0	0	0	0	0	0	0% 	0	0	0% 	0	0	0	2	2	1	0	0	0	0	0	0	0	0	0	0	2	0	0	0	79% 	0	1	0	0	0	0
Aritz Elustondo 	11	618	0	0	0	0	4	0	0% 	3	2	67% 	0	0	5	12	8	9	0	0	3	1	0	0	0	0	0	0	4	0	1	3	84% 	0	1	0	0	0	0
Arnau Martínez 	11	811	2	1	0	0	12	2	17% 	22	5	23% 	0	3	22	7	9	10	0	0	2	0	0	0	0	0	0	0	2	0	5	15	81% 	0	0	0	0	0	0
Arnau Puigmal 	7	241	0	0	0	0	4	0	0% 	7	0	0% 	0	4	6	2	3	1	0	0	3	0	1	0	0	0	0	0	0	0	2	3	75% 	2	2	0	0	0	0
Arnau Tenas 	0	0	0	0	0	0	0	0	0% 	0	0	0% 	0	0	0	0	0	0	0	0	0	0	0	0	0	0	0	0	0	0	0	0	0% 	0	0	0	0	0	0
Arnaut Danjuma 	9	476	2	0	0	0	8	4	50% 	6	3	50% 	0	1	7	2	0	3	0	0	0	0	0	0	1	1	0	0	0	0	2	4	73% 	0	0	0	0	0	0
Arvin Appiah 	0	0	0	0	0	0	0	0	0% 	0	0	0% 	0	0	0	0	0	0	0	0	0	0	0	0	0	0	0	0	0	0	0	0	0% 	0	0	0	0	0	0
Asier Illarramendi 	6	153	1	0	0	0	2	2	100% 	0	0	0% 	0	0	3	6	7	0	0	0	2	0	0	0	0	0	0	0	1	0	1	2	80% 	0	1	0	0	0	0
Asier Villalibre 	4	92	0	0	0	0	4	1	25% 	0	0	0% 	0	1	1	3	0	0	0	0	0	0	0	0	0	0	0	0	0	0	0	2	54% 	0	0	0	0	0	0
Augusto Solari 	6	187	0	1	0	0	1	0	0% 	2	0	0% 	0	0	3	7	4	5	0	0	0	0	0	0	0	0	0	0	0	0	0	3	84% 	0	1	0	0	0	0
Aurélien Tchouaméni 	12	900	0	2	0	0	14	2	14% 	6	0	0% 	0	2	11	16	23	12	0	0	1	0	0	0	0	0	0	0	2	0	9	9	93% 	0	1	0	0	0	0
Awer Mabil 	5	165	0	0	0	0	3	1	33% 	9	1	11% 	0	1	3	0	0	0	0	0	0	0	0	0	0	0	0	0	1	0	2	1	73% 	2	1	0	0	0	0
Axel Werner 	0	0	0	0	0	0	0	0	0% 	0	0	0% 	0	0	0	0	0	0	0	0	0	0	0	0	0	0	0	0	0	0	0	0	0% 	0	0	0	0	0	0
Axel Witsel 	14	1067	0	0	0	0	6	0	0% 	2	0	0% 	0	1	7	9	12	9	1	0	2	0	0	0	0	0	0	0	6	0	1	3	94% 	0	1	0	0	0	0
Bebé 	4	60	0	0	0	0	4	0	0% 	16	3	19% 	1	2	2	2	0	0	0	0	1	0	0	0	0	0	0	0	0	0	2	2	84% 	2	5	1	0	0	0
Benjamin Lecomte 	10	906	0	0	29	14	0	0	0% 	0	0	0% 	0	0	0	1	0	0	0	0	1	1	0	0	0	0	0	1	0	1	0	1	64% 	0	20	0	0	0	0
Bernardo Espinosa 	8	495	0	1	0	0	3	2	67% 	1	0	0% 	0	0	5	5	5	1	0	0	2	0	1	0	0	0	0	0	3	1	2	1	88% 	0	1	0	0	0	0
Beñat Turrientes 	6	106	0	0	0	0	0	0	0% 	4	1	25% 	0	0	1	2	0	3	0	0	0	0	0	0	0	0	0	0	0	0	2	2	90% 	3	1	0	0	0	0
Borja Iglesias 	13	957	8	2	0	0	30	14	47% 	1	0	0% 	0	6	28	24	0	5	0	0	0	1	0	0	3	3	0	0	1	0	3	9	73% 	0	0	0	0	0	0
Borja Mayoral 	14	1106	1	0	0	0	17	5	29% 	9	2	22% 	1	9	22	10	0	1	0	0	2	0	0	1	1	0	0	0	0	0	8	6	76% 	0	0	0	0	0	0
Braian Cufré 	3	194	0	0	0	0	3	0	0% 	1	0	0% 	0	0	2	3	1	2	0	0	0	0	0	0	0	0	0	0	1	0	1	1	86% 	0	1	0	0	0	0
Brais Méndez 	14	1121	6	2	0	0	30	12	40% 	57	18	32% 	0	14	21	32	7	18	0	0	4	0	0	0	0	0	0	0	1	0	7	18	84% 	34	12	3	5	1	1
Brian Ocampo 	10	561	0	0	0	0	5	0	0% 	12	5	42% 	0	3	13	19	1	7	0	0	1	0	0	0	0	0	0	0	0	0	6	5	77% 	1	0	0	0	0	0
Brian Oliván 	14	1209	0	3	0	0	9	2	22% 	70	19	27% 	0	14	11	15	15	18	0	0	3	0	0	0	0	0	0	0	2	0	2	18	71% 	1	3	0	1	0	0
Carles Aleñá 	13	1026	2	2	0	0	13	5	38% 	13	2	15% 	0	5	28	24	2	8	0	0	6	0	0	0	0	0	0	0	0	0	11	7	81% 	0	1	0	0	0	0
Carles Pérez 	14	600	0	2	0	0	12	3	25% 	6	0	0% 	0	6	10	11	1	8	0	0	1	0	0	0	0	0	0	0	2	0	5	7	90% 	2	0	0	0	0	0
Carlo Adriano 	0	0	0	0	0	0	0	0	0% 	0	0	0% 	0	0	0	0	0	0	0	0	0	0	0	0	0	0	0	0	0	0	0	0	0% 	0	0	0	0	0	0
Carlos Casemiro 	1	8	0	0	0	0	0	0	0% 	0	0	0% 	0	0	0	1	0	0	0	0	0	0	0	0	0	0	0	0	0	0	0	0	88% 	0	0	0	0	0	0
Carlos Clerc 	10	862	0	1	0	0	5	3	60% 	26	3	12% 	0	7	7	8	6	15	0	0	1	0	0	0	0	0	0	0	3	0	7	3	77% 	0	5	0	0	0	0
Carlos Dominguez 	1	-3	0	0	0	0	0	0	0% 	0	0	0% 	0	0	0	0	0	0	0	0	0	0	0	0	0	0	0	0	0	0	0	0	50% 	0	0	0	0	0	0
Carlos Fernández 	7	232	0	0	0	0	7	3	43% 	0	0	0% 	1	2	6	7	1	2	0	0	1	0	0	0	0	0	0	0	0	0	1	5	70% 	0	0	0	0	0	0
Carlos Rojas 	0	0	0	0	0	0	0	0	0% 	0	0	0% 	0	0	0	0	0	0	0	0	0	0	0	0	0	0	0	0	0	0	0	0	0% 	0	0	0	0	0	0
Carlos Soler 	3	242	1	0	0	0	5	2	40% 	16	3	19% 	0	1	4	2	0	0	0	0	0	0	0	0	1	1	0	0	0	0	1	4	84% 	10	7	0	3	1	0
Cenk Özkacar 	3	239	0	0	0	0	0	0	0% 	0	0	0% 	0	0	3	2	1	3	0	0	0	0	0	0	0	0	0	0	0	0	0	0	88% 	0	0	0	0	0	0
Charlie Pérez 	0	0	0	0	0	0	0	0	0% 	0	0	0% 	0	0	0	0	0	0	0	0	0	0	0	0	0	0	0	0	0	0	0	0	0% 	0	0	0	0	0	0
Chimy Ávila 	13	838	6	1	0	0	30	16	53% 	43	12	28% 	0	7	23	8	5	3	0	0	3	1	0	0	3	2	0	0	0	0	10	13	60% 	6	4	0	0	0	0
Choco Lozano 	12	756	0	0	0	0	13	3	23% 	3	1	33% 	0	9	16	21	2	1	0	0	2	0	0	0	0	0	0	0	1	0	9	6	68% 	0	0	0	0	0	0
Christian Mosquera	2	55	0	0	0	0	1	0	0% 	0	0	0% 	0	0	0	0	1	1	0	0	0	0	0	0	0	0	0	0	0	0	0	0	94% 	0	0	0	0	0	0
Christian Stuani 	10	419	4	0	0	0	13	8	62% 	3	1	33% 	0	1	7	15	1	1	0	0	2	0	0	0	4	3	0	0	0	0	0	4	79% 	1	0	0	0	0	0
Chumi 	7	388	0	0	0	0	1	0	0% 	2	1	50% 	0	0	1	2	6	2	0	0	1	0	0	0	0	0	0	0	1	0	3	0	88% 	0	2	0	0	0	0
Claudio Bravo 	2	180	0	0	7	1	0	0	0% 	0	0	0% 	0	0	0	0	1	0	0	0	1	0	0	0	0	0	0	0	0	0	0	0	44% 	0	6	0	0	0	0
Clément Grenier 	10	402	0	0	0	0	2	1	50% 	23	3	13% 	0	4	4	14	5	4	0	0	6	0	0	0	0	0	0	0	0	0	2	6	81% 	10	8	1	0	0	0
Cristian Portu 	11	391	0	0	0	0	6	3	50% 	21	5	24% 	0	3	6	6	2	4	0	0	2	1	0	0	0	0	0	0	0	0	2	4	79% 	1	2	1	0	0	0
Cristian Rivero 	0	0	0	0	0	0	0	0	0% 	0	0	0% 	0	0	0	0	0	0	0	0	0	0	0	0	0	0	0	0	0	0	0	0	0% 	0	0	0	0	0	0
Curro Muñoz 	0	0	0	0	0	0	0	0	0% 	0	0	0% 	0	0	0	0	0	0	0	0	0	0	0	0	0	0	0	0	0	0	0	0	0% 	0	0	0	0	0	0
Curro Sánchez 	2	43	0	0	0	0	1	1	100% 	1	1	100% 	0	0	0	1	0	0	0	0	1	0	0	0	0	0	0	0	0	0	0	2	77% 	1	1	0	0	0	0
César de la Hoz 	8	583	1	0	0	0	3	1	33% 	1	1	100% 	0	0	3	13	4	7	0	0	4	0	1	0	0	0	0	0	3	0	3	2	83% 	0	0	0	0	0	0
Dakonam Djené 	12	1002	0	0	0	0	2	0	0% 	3	2	67% 	0	0	15	16	11	5	0	0	4	0	1	0	0	0	0	0	4	0	3	1	84% 	0	1	0	0	0	0
Damián Suárez 	7	549	1	0	0	0	2	1	50% 	40	6	15% 	0	2	3	10	4	7	0	0	2	0	0	0	0	0	0	0	0	0	4	10	68% 	11	16	1	0	0	0
Dani Ceballos 	8	178	0	1	0	0	3	1	33% 	2	1	50% 	0	0	4	4	6	4	0	0	1	0	0	0	0	0	0	0	0	0	3	8	93% 	1	0	0	0	0	0
 Dani García 	8	364	0	1	0	0	1	0	0% 	1	0	0% 	0	1	7	9	3	3	0	0	1	0	0	0	0	0	0	0	0	0	1	2	82% 	0	0	0	0	0	0
Dani Gómez 	6	66	0	0	0	0	0	0	0% 	2	0	0% 	0	1	2	2	1	1	0	0	2	0	0	0	0	0	0	0	0	0	0	1	80% 	0	0	0	0	0	0
Dani Martín 	0	0	0	0	0	0	0	0	0% 	0	0	0% 	0	0	0	0	0	0	0	0	0	0	0	0	0	0	0	0	0	0	0	0	0% 	0	0	0	0	0	0
Dani Parejo 	14	1227	0	2	0	0	11	4	36% 	63	14	22% 	1	4	24	11	10	12	0	0	2	0	0	0	0	0	0	0	6	0	5	20	89% 	43	17	4	4	2	0
Dani Rodríguez 	13	685	0	2	0	0	7	3	43% 	10	3	30% 	0	6	9	15	9	5	0	0	5	0	0	0	0	0	0	0	2	0	6	12	82% 	3	5	2	0	0	0
Dani Vivian 	8	635	1	0	0	0	5	2	40% 	3	0	0% 	0	1	6	7	11	7	0	0	1	0	0	0	0	0	0	0	3	1	0	1	84% 	0	2	0	0	0	0
Daniel Carvajal 	12	873	0	1	0	0	6	0	0% 	20	3	15% 	0	5	7	10	11	9	0	0	3	0	1	0	0	0	0	0	3	0	4	7	87% 	0	0	0	0	0	0
Daniel Villahermosa 	0	0	0	0	0	0	0	0	0% 	0	0	0% 	0	0	0	0	0	0	0	0	0	0	0	0	0	0	0	0	0	0	0	0	0% 	0	0	0	0	0	0
Darko Brasanac 	12	484	1	1	0	0	5	3	60% 	3	0	0% 	0	2	8	6	6	6	0	0	3	0	0	0	0	0	0	0	1	0	3	2	83% 	0	0	0	0	0	0
Darío Ramos 	0	0	0	0	0	0	0	0	0% 	0	0	0% 	0	0	0	0	0	0	0	0	0	0	0	0	0	0	0	0	0	0	0	0	0% 	0	0	0	0	0	0
David Alaba 	14	1165	1	3	0	0	9	1	11% 	17	4	24% 	0	4	2	6	10	5	0	0	3	0	0	0	0	0	0	0	5	0	1	12	90% 	2	6	1	4	1	1
David García 	12	1039	1	0	0	0	8	2	25% 	1	0	0% 	1	3	11	22	20	8	0	0	6	1	1	0	0	0	0	0	3	0	0	2	80% 	0	5	0	0	0	0
David Gil 	0	0	0	0	0	0	0	0	0% 	0	0	0% 	0	0	0	0	0	0	0	0	0	0	0	0	0	0	0	0	0	0	0	0	0% 	0	0	0	0	0	0
David López 	8	693	2	1	0	0	6	3	50% 	0	0	0% 	0	0	6	6	5	7	0	0	2	0	0	0	0	0	0	0	7	1	2	3	90% 	0	2	0	0	0	0
David Silva 	12	816	0	0	0	0	12	7	58% 	13	3	23% 	0	6	9	8	5	6	0	0	2	0	0	0	0	0	0	0	0	0	6	11	86% 	2	3	0	0	0	0
David Soria 	14	1260	0	0	53	20	0	0	0% 	0	0	0% 	0	0	0	1	0	0	0	0	1	0	0	0	0	0	2	0	0	2	0	1	52% 	0	21	0	0	0	0
David Torres 	0	0	0	0	0	0	0	0	0% 	0	0	0% 	0	0	0	0	0	0	0	0	0	0	0	0	0	0	0	0	0	0	0	0	0% 	0	0	0	0	0	0
Diego Conde 	0	0	0	0	0	0	0	0	0% 	0	0	0% 	0	0	0	0	0	0	0	0	0	0	0	0	0	0	0	0	0	0	0	0	0% 	0	0	0	0	0	0
Diego Fuoli 	0	0	0	0	0	0	0	0	0% 	0	0	0% 	0	0	0	0	0	0	0	0	0	0	0	0	0	0	0	0	0	0	0	0	0% 	0	0	0	0	0	0
Diego González 	6	327	0	0	0	0	2	0	0% 	0	0	0% 	0	0	3	4	3	3	0	0	2	0	0	0	0	0	0	0	3	0	0	0	81% 	0	1	0	0	0	0
Diego López 	1	90	0	0	1	3	0	0	0% 	0	0	0% 	0	0	0	0	0	0	0	0	0	0	0	0	0	0	0	0	0	1	0	0	70% 	0	0	0	0	0	0
Diego López 	1	10	0	0	0	0	0	0	0% 	0	0	0% 	0	0	0	1	0	0	0	0	0	0	0	0	0	0	0	0	0	0	0	0	100% 	0	0	0	0	0	0
Diego Rico 	7	594	0	0	0	0	4	1	25% 	24	6	25% 	0	4	14	8	5	11	0	0	1	0	0	0	0	0	0	0	0	0	5	5	79% 	0	2	0	0	0	0
Dimitri Foulquier 	9	287	0	1	0	0	1	0	0% 	3	3	100% 	0	1	1	9	2	4	0	0	2	0	0	0	0	0	0	0	0	0	2	2	67% 	0	0	0	0	0	0
Domingos Duarte 	13	1125	0	2	0	0	8	3	38% 	0	0	0% 	0	0	11	13	19	8	0	0	5	0	0	0	0	0	0	1	12	0	2	3	80% 	0	6	0	0	0	0
Domingos Quina 	9	268	0	0	0	0	5	0	0% 	7	3	43% 	0	4	10	3	2	3	0	0	1	0	0	0	0	0	0	0	0	0	3	3	84% 	0	0	0	0	0	0
Dominik Greif 	0	0	0	0	0	0	0	0	0% 	0	0	0% 	0	0	0	0	0	0	0	0	0	0	0	0	0	0	0	0	0	0	0	0	0% 	0	0	0	0	0	0
Dyego Sousa 	10	306	0	1	0	0	8	3	38% 	0	0	0% 	0	2	4	6	0	2	0	0	1	0	0	0	0	0	0	0	1	0	5	5	69% 	0	0	0	0	0	0
Eden Hazard 	3	99	0	0	0	0	2	1	50% 	0	0	0% 	0	0	3	0	0	0	0	0	0	0	0	0	1	0	0	0	0	0	2	3	90% 	0	0	0	0	0	0
Edgar Badia 	14	1260	0	0	62	31	0	0	0% 	0	0	0% 	0	0	2	1	0	0	0	0	2	0	1	0	0	0	2	0	0	0	0	1	68% 	0	15	0	0	0	0
Edinson Cavani 	7	430	4	1	0	0	14	7	50% 	0	0	0% 	1	4	5	4	0	0	0	0	0	0	0	0	3	2	0	0	2	0	1	4	76% 	0	0	0	1	0	0
Edu Expósito 	13	772	2	2	0	0	11	5	45% 	22	5	23% 	0	4	15	11	9	16	0	0	0	0	0	0	0	0	0	0	0	0	5	14	77% 	5	5	1	2	0	0
Eduardo Camavinga 	14	511	0	0	0	0	8	0	0% 	1	1	100% 	0	2	22	8	3	12	0	0	1	0	0	0	0	0	0	0	2	0	9	7	91% 	0	0	0	0	0	0
Egoitz Arana 	0	0	0	0	0	0	0	0	0% 	0	0	0% 	0	0	0	0	0	0	0	0	0	0	0	0	0	0	0	0	0	0	0	0	0% 	0	0	0	0	0	0
El Bilal Touré 	8	568	3	1	0	0	12	6	50% 	1	0	0% 	0	0	1	10	2	1	0	0	0	0	0	0	0	0	0	0	1	0	2	4	65% 	0	0	0	0	0	0
Emilio Bernad 	0	0	0	0	0	0	0	0	0% 	0	0	0% 	0	0	0	0	0	0	0	0	0	0	0	0	0	0	0	0	0	0	0	0	0% 	0	0	0	0	0	0
Enes Ünal 	14	1216	4	2	0	0	31	12	39% 	9	2	22% 	2	4	39	21	0	5	0	0	3	0	0	0	1	0	0	0	1	0	8	10	64% 	0	0	0	5	3	2
Enzo Roco 	11	795	0	0	0	0	4	0	0% 	0	0	0% 	0	0	8	17	6	5	0	0	2	0	1	0	0	0	0	0	5	1	2	0	86% 	0	3	0	0	0	0
Eray Cömert 	11	871	1	0	0	0	7	4	57% 	1	0	0% 	0	0	9	16	12	7	0	0	3	1	0	0	0	0	0	0	6	0	1	2	88% 	0	5	0	0	0	0
Eric García 	9	608	1	0	0	0	3	1	33% 	0	0	0% 	0	0	2	11	9	8	0	0	2	0	1	0	0	0	0	0	6	0	0	0	91% 	0	2	0	0	0	0
Esteban Saveljich 	1	0	0	0	0	0	0	0	0% 	0	0	0% 	0	0	0	0	0	0	0	0	0	0	0	0	0	0	0	0	0	0	0	0	0% 	0	0	0	0	0	0
Etta Eyong 	0	0	0	0	0	0	0	0	0% 	0	0	0% 	0	0	0	0	0	0	0	0	0	0	0	0	0	0	0	0	0	0	0	0	0% 	0	0	0	0	0	0
Ezequiel Ponce 	13	510	2	0	0	0	12	5	42% 	1	0	0% 	0	2	4	18	0	4	0	0	2	0	0	0	0	0	0	0	1	0	1	4	73% 	0	0	0	0	0	0
Fabrizio Angileri 	8	516	0	0	0	0	3	0	0% 	9	1	11% 	0	1	1	6	6	5	0	0	2	1	1	0	0	0	0	0	3	0	2	0	57% 	0	0	0	0	0	0
Fali 	8	556	0	0	0	0	4	1	25% 	0	0	0% 	0	1	6	3	3	7	0	0	2	0	0	0	0	0	0	0	3	0	0	2	77% 	0	1	0	0	0	0
Fede San Emeterio 	13	790	0	0	0	0	3	0	0% 	0	0	0% 	0	0	13	22	4	4	0	0	4	0	0	0	0	0	0	0	7	0	1	1	82% 	0	0	0	0	0	0
Federico Fernández 	1	90	0	0	0	0	0	0	0% 	0	0	0% 	0	0	0	0	2	1	0	0	0	0	0	0	0	0	0	0	0	0	0	0	57% 	0	1	0	0	0	0
Federico Valverde 	14	1108	6	2	0	0	31	14	45% 	10	2	20% 	0	2	10	4	5	9	0	0	1	0	0	0	0	0	0	0	1	0	8	24	90% 	0	2	0	2	0	0
Felipe 	2	180	0	0	0	0	1	0	0% 	0	0	0% 	0	0	3	4	0	2	0	0	0	0	0	0	0	0	0	0	2	0	1	2	92% 	0	0	0	0	0	0
Ferland Mendy 	11	884	0	1	0	0	1	0	0% 	6	1	17% 	0	3	14	4	10	6	0	0	2	0	0	0	0	0	0	0	2	0	14	11	93% 	0	1	0	0	0	0
Fernando Calero 	12	873	0	0	0	0	2	0	0% 	4	0	0% 	0	1	5	8	11	16	0	0	1	0	0	0	0	0	0	0	8	0	0	3	83% 	0	6	0	0	0	0
Fernando Martínez 	13	1170	0	0	51	20	0	0	0% 	0	0	0% 	0	1	3	0	0	0	0	0	1	0	0	0	0	0	1	0	0	0	0	0	67% 	0	11	0	0	0	0
Fernando Pacheco 	1	90	0	0	3	2	0	0	0% 	0	0	0% 	0	0	0	0	0	0	0	0	0	0	0	0	0	0	0	0	0	0	0	0	61% 	0	1	0	0	0	0
Fernando Reges 	6	495	0	0	0	0	0	0	0% 	2	0	0% 	0	0	4	5	9	7	0	0	2	0	0	0	0	0	0	0	1	0	0	2	89% 	0	2	0	0	0	0
Ferrán Torres 	13	569	2	0	0	0	26	8	31% 	12	1	8% 	0	8	15	7	0	2	0	0	3	0	0	0	0	0	0	0	1	0	12	7	82% 	0	0	0	0	0	0
Fidel Chaves 	4	165	0	0	0	0	1	0	0% 	12	1	8% 	0	1	3	0	1	1	0	0	1	0	0	0	0	0	0	0	0	0	2	2	71% 	5	0	0	0	0	0
Filip Jörgensen 	0	0	0	0	0	0	0	0	0% 	0	0	0% 	0	0	0	0	0	0	0	0	0	0	0	0	0	0	0	0	0	0	0	0	0% 	0	0	0	0	0	0
Florian Lejeune 	12	948	3	0	0	0	14	5	36% 	1	0	0% 	0	5	3	9	6	5	0	0	4	1	0	0	0	0	0	0	7	0	3	4	82% 	0	6	0	7	3	2
Fran Beltrán 	14	1123	0	1	0	0	12	0	0% 	7	2	29% 	0	1	3	10	14	7	0	0	1	0	0	0	0	0	0	0	2	0	5	8	92% 	2	3	0	0	0	0
Fran Delgado 	1	12	0	0	0	0	0	0	0% 	1	0	0% 	0	0	0	0	0	0	0	0	0	0	0	0	0	0	0	0	0	0	0	0	100% 	0	0	0	0	0	0
Fran García 	14	1260	0	2	0	0	10	3	30% 	72	14	19% 	0	5	9	12	17	13	0	0	0	0	1	0	0	0	0	0	2	0	10	12	85% 	0	2	0	0	0	0
Fran López 	0	0	0	0	0	0	0	0	0% 	0	0	0% 	0	0	0	0	0	0	0	0	0	0	0	0	0	0	0	0	0	0	0	0	0% 	0	0	0	0	0	0
Fran Pérez 	2	21	0	0	0	0	0	0	0% 	1	0	0% 	0	0	1	2	0	0	0	0	1	0	0	0	0	0	0	0	0	0	2	0	92% 	0	0	0	0	0	0
Francis Coquelin 	11	523	1	0	0	0	4	1	25% 	4	1	25% 	0	1	5	6	6	8	0	0	2	0	0	0	0	0	0	0	2	0	2	4	87% 	0	1	0	0	0	0
Francisco Portillo 	10	201	0	0	0	0	0	0	0% 	4	1	25% 	0	2	1	0	2	2	0	0	0	0	0	0	0	0	0	0	1	0	1	1	82% 	1	0	0	0	0	0
Franck Kessié 	7	216	0	0	0	0	6	0	0% 	0	0	0% 	0	1	3	6	1	3	0	0	3	0	0	0	0	0	0	0	1	0	0	2	88% 	0	0	0	0	0	0
Franco Cervi 	13	1024	0	2	0	0	14	4	29% 	44	9	20% 	0	10	18	13	21	21	0	0	0	1	0	0	0	0	0	0	1	0	6	10	77% 	17	2	0	0	0	0
Franco Russo 	2	76	0	0	0	0	0	0	0% 	0	0	0% 	0	0	2	0	2	2	0	0	0	0	0	0	0	0	0	0	0	0	0	0	78% 	0	0	0	0	0	0
Frenkie de Jong 	13	900	2	1	0	0	13	9	69% 	7	4	57% 	0	5	12	11	15	10	0	0	0	0	0	0	0	0	0	0	0	0	14	18	91% 	1	3	0	0	0	0
Gabriel Paulista 	10	579	1	0	0	0	11	1	9% 	0	0	0% 	0	0	6	4	7	5	0	0	1	0	0	0	0	0	0	0	5	0	0	4	88% 	0	4	0	0	0	0
Gabriel Veiga 	13	576	3	1	0	0	15	7	47% 	8	2	25% 	0	3	5	12	6	7	0	0	2	1	0	0	0	0	0	0	0	0	11	6	80% 	1	2	0	0	0	0
Gastón Álvarez 	7	439	2	0	0	0	2	2	100% 	3	0	0% 	0	0	6	5	10	8	0	0	0	1	0	0	0	0	0	0	3	0	1	0	70% 	0	0	0	0	0	0
Geoffrey Kondogbia 	11	719	0	1	0	0	8	0	0% 	0	0	0% 	0	0	7	11	17	12	0	0	3	0	0	0	0	0	0	0	1	0	1	4	90% 	0	0	0	0	0	0
Gerard Gumbau 	13	832	0	3	0	0	8	0	0% 	41	14	34% 	0	3	6	18	5	8	0	0	5	0	0	0	0	0	0	0	5	0	1	14	83% 	26	12	2	1	0	0
Gerard Moreno 	6	382	2	0	0	0	14	7	50% 	3	0	0% 	1	6	2	5	1	3	0	0	1	0	0	0	0	0	0	0	1	0	7	4	70% 	0	0	0	0	0	0
Gerard Piqué 	6	384	0	0	0	0	3	0	0% 	0	0	0% 	0	1	2	7	2	4	0	0	2	1	0	0	0	0	0	0	1	0	1	1	92% 	0	2	0	0	0	0
Germán Pezzella 	12	911	0	0	0	0	5	0	0% 	2	0	0% 	0	0	7	7	20	10	0	0	2	2	0	0	0	0	0	0	5	0	0	1	88% 	0	4	0	0	0	0
Gerónimo Rulli 	14	1260	0	0	46	10	0	0	0% 	0	0	0% 	0	0	1	0	1	0	0	0	1	0	0	0	0	0	0	0	0	0	0	0	84% 	0	10	0	0	0	0
Giorgi Mamardashvili 	14	1260	0	0	38	15	0	0	0% 	0	0	0% 	0	0	2	1	0	0	0	0	1	0	1	0	0	0	0	0	0	0	0	0	76% 	0	11	0	0	0	0
Giovani Lo Celso 	8	521	1	0	0	0	13	3	23% 	5	0	0% 	0	4	14	7	4	15	0	0	1	0	0	0	0	0	0	0	0	0	8	4	85% 	2	0	0	1	0	0
Giovanni González 	5	345	0	2	0	0	3	0	0% 	7	3	43% 	0	1	9	6	3	3	0	0	3	0	0	0	0	0	0	0	1	0	4	5	76% 	0	0	0	0	0	0
Gonzalo Melero 	8	536	1	2	0	0	6	2	33% 	0	0	0% 	0	0	16	8	1	5	0	0	2	0	0	0	0	0	0	0	0	0	2	7	89% 	0	1	0	0	0	0
Gonzalo Montiel 	8	585	0	1	0	0	2	0	0% 	23	3	13% 	0	5	5	10	7	3	0	0	3	1	0	0	0	0	0	0	4	0	4	6	81% 	0	0	0	0	0	0
Gonzalo Plata 	10	592	0	2	0	0	11	6	55% 	6	1	17% 	0	9	11	4	4	8	0	0	0	0	0	1	0	0	0	0	0	0	16	11	79% 	0	0	0	0	0	0
Gonzalo Verdú 	6	388	1	0	0	0	5	2	40% 	0	0	0% 	0	1	2	6	4	1	0	0	1	1	0	0	0	0	0	0	6	0	0	0	83% 	0	2	0	1	0	0
Gonçalo Paciência 	10	335	1	0	0	0	15	4	27% 	2	1	50% 	0	0	9	10	0	3	0	0	1	1	0	0	0	0	0	0	1	0	2	3	58% 	0	0	0	0	0	0
Gorka Guruzeta 	7	203	5	0	0	0	13	9	69% 	0	0	0% 	0	1	1	6	1	2	0	0	1	0	0	0	0	0	0	0	0	0	0	2	80% 	0	0	0	0	0	0
Gorka Rivera 	0	0	0	0	0	0	0	0	0% 	0	0	0% 	0	0	0	0	0	0	0	0	0	0	0	0	0	0	0	0	0	0	0	0	0% 	0	0	0	0	0	0
Guido Rodríguez 	12	1043	0	0	0	0	8	4	50% 	3	0	0% 	1	3	20	16	11	23	0	0	2	0	0	0	0	0	0	0	6	0	7	5	89% 	0	8	0	0	0	0
Guilherme Guedes 	0	0	0	0	0	0	0	0	0% 	0	0	0% 	0	0	0	0	0	0	0	0	0	0	0	0	0	0	0	0	0	0	0	0	0% 	0	0	0	0	0	0
Helibelton Palacios 	9	705	0	0	0	0	3	2	67% 	5	2	40% 	0	2	6	14	7	7	0	0	2	0	0	0	0	0	0	0	3	0	4	3	81% 	0	1	0	0	0	0
Houboulang Mendes 	7	502	0	1	0	0	0	0	0% 	19	3	16% 	0	3	2	7	2	6	0	0	0	0	1	0	0	0	0	0	1	0	4	4	71% 	0	0	0	0	0	0
Hugo Duro 	10	391	1	0	0	0	11	2	18% 	1	1	100% 	0	3	9	3	0	1	0	0	0	0	0	0	0	0	0	0	0	0	1	4	74% 	0	0	0	0	0	0
Hugo Guillamón 	13	916	1	4	0	0	3	2	67% 	21	12	57% 	0	2	24	22	9	5	0	0	4	0	1	0	1	1	0	1	1	0	0	19	85% 	12	8	3	0	0	0
Hugo Mallo 	11	876	0	0	0	0	8	2	25% 	36	5	14% 	0	5	8	22	6	9	0	0	3	0	1	0	0	0	0	0	1	0	4	4	81% 	0	3	0	0	0	0
Héctor Bellerín 	3	143	0	0	0	0	0	0	0% 	3	1	33% 	0	0	0	2	3	0	0	0	0	0	0	0	0	0	0	0	0	0	3	1	80% 	0	0	0	0	0	0
Iago Aspas 	14	1122	7	2	0	0	28	15	54% 	20	3	15% 	1	12	31	4	4	1	0	0	1	0	0	0	2	1	0	0	0	0	6	35	80% 	3	4	1	2	1	0
Iddrisu Baba 	11	549	0	0	0	0	1	0	0% 	1	0	0% 	0	1	10	12	4	6	0	0	2	0	0	0	0	0	0	0	0	0	3	2	85% 	0	0	0	0	0	0
Igor Zubeldia 	10	717	1	0	0	0	4	1	25% 	2	2	100% 	0	2	6	16	6	6	0	0	3	0	0	0	0	0	0	0	7	0	0	1	87% 	0	0	0	0	0	0
Iker Benito 	0	0	0	0	0	0	0	0	0% 	0	0	0% 	0	0	0	0	0	0	0	0	0	0	0	0	0	0	0	0	0	0	0	0	0% 	0	0	0	0	0	0
 Iker Muniain 	11	788	0	1	0	0	18	3	17% 	48	12	25% 	0	7	34	5	3	3	0	0	1	0	0	0	0	0	0	0	0	0	15	20	88% 	24	16	4	1	0	0
Iker Álvarez 	0	0	0	0	0	0	0	0	0% 	0	0	0% 	0	0	0	0	0	0	0	0	0	0	0	0	0	0	0	0	0	0	0	0	0% 	0	0	0	0	0	0
Ilaix Moriba 	6	331	0	0	0	0	8	2	25% 	0	0	0% 	0	2	11	11	2	7	0	0	3	1	0	0	0	0	0	0	0	0	3	4	83% 	0	0	0	0	0	0
Isaac Carcelén 	7	455	0	0	0	0	1	0	0% 	8	2	25% 	0	0	3	7	5	13	0	0	0	2	1	0	0	0	0	0	3	0	1	2	84% 	2	0	0	0	0	0
Isco Alarcón 	12	799	0	2	0	0	4	1	25% 	18	3	17% 	0	3	34	11	9	10	0	0	5	0	0	0	0	0	0	0	0	0	11	17	87% 	10	10	0	0	0	0
Isi Palazón 	13	988	3	3	0	0	30	8	27% 	64	13	20% 	1	10	33	12	5	14	0	0	1	0	0	0	1	1	0	0	0	0	9	15	85% 	32	14	2	0	0	0
Ivan Rakitic 	11	480	0	0	0	0	8	2	25% 	9	4	44% 	0	3	10	6	7	6	0	0	1	1	0	0	0	0	0	0	0	0	0	10	82% 	2	4	0	2	0	0
Ivo Grbic 	4	208	0	0	7	2	0	0	0% 	0	0	0% 	0	0	1	0	0	0	0	0	1	0	0	0	0	0	0	0	0	0	0	0	45% 	0	9	0	0	0	0
Iván Alejo 	12	659	0	1	0	0	8	1	13% 	44	7	16% 	0	5	20	24	1	15	0	0	5	0	0	0	0	0	0	0	1	0	2	8	70% 	0	1	1	0	0	0
Iván Balliu 	14	1260	0	0	0	0	4	1	25% 	55	10	18% 	0	11	13	17	13	11	0	0	2	0	0	0	0	0	0	1	1	0	1	16	82% 	0	3	0	0	0	0
Iván Fresneda 	6	468	0	0	0	0	0	0	0% 	18	3	17% 	0	4	3	3	7	10	0	0	0	0	0	0	0	0	0	0	1	0	2	10	81% 	1	0	0	0	0	0
Iván Martín 	2	103	2	0	0	0	2	2	100% 	1	0	0% 	0	0	1	1	0	1	0	0	0	0	0	0	0	0	0	0	0	0	0	2	79% 	0	0	0	0	0	0
Iván Romero 	1	11	0	0	0	0	0	0	0% 	0	0	0% 	0	0	1	1	0	0	0	0	1	0	0	0	0	0	0	0	0	0	0	0	33% 	0	0	0	0	0	0
Iván Sánchez 	11	555	0	0	0	0	9	4	44% 	18	5	28% 	0	1	17	6	2	5	0	0	0	0	0	0	0	0	0	0	0	0	14	8	84% 	1	0	0	0	0	0
Iván Villar 	0	0	0	0	0	0	0	0	0% 	0	0	0% 	0	0	0	0	0	0	0	0	0	0	0	0	0	0	0	0	0	0	0	0	0% 	0	0	0	0	0	0
Iñaki Peña 	0	0	0	0	0	0	0	0	0% 	0	0	0% 	0	0	0	0	0	0	0	0	0	0	0	0	0	0	0	0	0	0	0	0	0% 	0	0	0	0	0	0
Iñaki Williams 	14	1142	5	1	0	0	34	14	41% 	21	3	14% 	0	11	14	10	2	6	0	0	0	0	0	0	1	0	0	0	2	0	14	15	70% 	0	0	0	0	0	0
Iñigo Eguaras 	11	495	1	1	0	0	4	2	50% 	2	1	50% 	0	3	3	3	5	6	0	0	2	0	0	0	0	0	0	0	3	0	2	6	85% 	0	1	0	0	0	0
Jaime Mata 	6	41	0	0	0	0	1	0	0% 	0	0	0% 	0	0	1	5	0	0	0	0	2	0	0	0	0	0	0	0	0	0	0	0	69% 	0	0	0	0	0	0
Jaime Seoane 	9	269	0	0	0	0	1	0	0% 	1	0	0% 	0	0	3	4	1	4	0	0	0	0	0	0	0	0	0	0	2	0	1	4	81% 	0	0	0	0	0	0
Jan Oblak 	12	1052	0	0	27	12	0	0	0% 	0	0	0% 	0	0	4	0	0	0	0	0	1	0	0	0	0	0	0	0	0	0	0	0	58% 	0	5	0	0	0	0
Jaume Costa 	11	964	0	1	0	0	7	5	71% 	29	7	24% 	0	6	17	13	6	11	0	0	4	0	0	0	0	0	0	0	2	0	4	11	79% 	0	0	0	0	0	0
Jaume Doménech 	0	0	0	0	0	0	0	0	0% 	0	0	0% 	0	0	0	0	0	0	0	0	0	0	0	0	0	0	0	0	0	0	0	0	0% 	0	0	0	0	0	0
Javi Galán 	14	1255	0	1	0	0	5	0	0% 	56	9	16% 	0	7	31	20	7	30	0	0	2	0	0	0	0	0	0	0	1	0	25	18	81% 	0	3	0	0	0	0
Javi Hernández 	10	360	0	1	0	0	4	0	0% 	7	1	14% 	0	0	8	2	2	3	0	0	1	0	0	0	0	0	0	0	0	0	1	3	85% 	0	0	0	0	0	0
Javi Llabrés 	1	17	0	0	0	0	0	0	0% 	0	0	0% 	0	0	0	0	0	0	0	0	0	0	0	0	0	0	0	0	0	0	0	0	100% 	0	0	0	0	0	0
Javi Martínez 	0	0	0	0	0	0	0	0	0% 	0	0	0% 	0	0	0	0	0	0	0	0	0	0	0	0	0	0	0	0	0	0	0	0	0% 	0	0	0	0	0	0
Javi Puado 	13	749	1	0	0	0	20	6	30% 	5	0	0% 	3	5	11	4	3	2	0	0	0	0	0	0	0	0	0	0	0	0	7	8	84% 	0	0	0	0	0	0
Javi Sánchez 	12	1003	1	0	0	0	5	1	20% 	2	0	0% 	0	0	3	13	18	7	1	0	4	0	0	0	0	0	0	0	12	0	0	1	86% 	0	2	0	1	0	0
Javier Pastore 	1	5	0	0	0	0	0	0	0% 	0	0	0% 	0	0	0	1	0	0	0	0	0	0	0	0	0	0	0	0	0	0	0	0	86% 	0	0	0	0	0	0
Jawad El Yamiq 	8	438	0	0	0	0	5	0	0% 	0	0	0% 	0	0	1	3	13	3	0	0	0	1	0	0	0	0	0	0	7	0	2	0	80% 	0	1	0	0	0	0
Jeremías Ledesma 	14	1260	0	0	61	26	0	0	0% 	0	0	0% 	0	0	1	1	2	0	0	0	0	0	1	0	0	0	1	0	0	0	1	1	49% 	0	10	0	0	0	0
Jesús López 	0	0	0	0	0	0	0	0	0% 	0	0	0% 	0	0	0	0	0	0	0	0	0	0	0	0	0	0	0	0	0	0	0	0	0% 	0	0	0	0	0	0
Jesús Navas 	11	626	0	0	0	0	5	2	40% 	41	10	24% 	0	5	14	1	3	4	0	0	3	0	0	0	0	0	0	1	3	0	2	10	82% 	0	3	0	0	0	0
Jesús Vallejo 	0	0	0	0	0	0	0	0	0% 	0	0	0% 	0	0	0	0	0	0	0	0	0	0	0	0	0	0	0	0	0	0	0	0	0% 	0	0	0	0	0	0
Jesús Vázquez 	4	148	0	0	0	0	3	0	0% 	5	0	0% 	0	3	0	3	0	4	0	0	1	0	0	0	0	0	0	0	0	0	2	0	86% 	0	0	0	0	0	0
Joan Garcia 	0	0	0	0	0	0	0	0	0% 	0	0	0% 	0	0	0	0	0	0	0	0	0	0	0	0	0	0	0	0	0	0	0	0	0% 	0	0	0	0	0	0
Joan Jordan 	10	684	0	0	0	0	5	1	20% 	1	1	100% 	0	1	4	15	6	9	0	0	2	0	0	0	0	0	0	0	3	0	2	4	86% 	0	2	0	2	0	0
Joaquín Fernández 	12	955	1	0	0	0	6	1	17% 	0	0	0% 	0	1	5	7	12	14	0	0	2	0	0	0	0	0	0	0	12	0	0	2	84% 	0	4	0	0	0	0
Joaquín Sánchez 	5	160	0	1	0	0	3	1	33% 	11	4	36% 	0	2	5	0	0	2	0	0	0	0	0	0	0	0	0	0	0	0	3	10	89% 	6	2	1	0	0	0
Joel Roca 	2	12	0	0	0	0	0	0	0% 	0	0	0% 	0	0	1	0	0	0	0	0	0	0	0	0	0	0	0	0	0	0	1	0	64% 	0	0	0	0	0	0
Johan Mojica 	8	456	0	0	0	0	4	1	25% 	29	3	10% 	0	7	5	4	6	3	0	0	2	0	1	0	0	0	0	0	2	0	5	5	80% 	0	0	0	0	0	0
John Chetauya 	3	150	0	0	0	0	0	0	0% 	0	0	0% 	0	0	1	2	5	0	0	0	0	1	0	0	0	0	0	0	2	1	0	0	85% 	0	0	0	0	0	0
John Patrick Finn 	0	0	0	0	0	0	0	0	0% 	0	0	0% 	0	0	0	0	0	0	0	0	0	0	0	0	0	0	0	0	0	0	0	0	0% 	0	0	0	0	0	0
Jon Ander Olasagasti 	0	0	0	0	0	0	0	0	0% 	0	0	0% 	0	0	0	0	0	0	0	0	0	0	0	0	0	0	0	0	0	0	0	0	0% 	0	0	0	0	0	0
Jon Karrikaburu 	6	92	0	0	0	0	5	1	20% 	1	0	0% 	0	0	4	3	0	0	0	0	1	0	0	0	0	0	0	0	0	0	0	1	65% 	0	0	0	0	0	0
Jon Moncayola 	14	875	0	0	0	0	17	3	18% 	13	0	0% 	0	7	5	15	1	6	0	0	2	0	0	1	0	0	0	0	1	0	1	5	85% 	3	2	0	0	0	0
Jon Morcillo 	8	53	0	1	0	0	0	0	0% 	6	2	33% 	0	0	0	0	1	0	0	0	0	0	0	0	0	0	0	0	0	0	3	4	84% 	0	0	0	0	0	0
Jon Pacheco 	9	678	0	0	0	0	1	0	0% 	0	0	0% 	0	0	5	9	6	7	0	0	2	0	1	0	0	0	0	0	3	0	1	0	91% 	0	1	0	0	0	0
Jordan Amavi 	4	193	0	0	0	0	0	0	0% 	6	1	17% 	0	1	2	2	3	2	0	0	2	1	0	0	0	0	0	0	0	0	0	0	50% 	0	1	0	0	0	0
Jordi Alba 	10	682	0	1	0	0	5	1	20% 	34	11	32% 	0	9	2	8	4	9	0	0	2	0	0	0	0	0	0	0	2	0	3	19	88% 	0	5	0	0	0	0
Jordi Masip 	9	810	0	0	30	14	0	0	0% 	0	0	0% 	0	0	1	0	0	0	0	0	2	0	0	0	0	0	2	0	0	0	0	0	64% 	0	6	0	0	0	0
Jorge Cuenca 	2	95	0	0	0	0	0	0	0% 	0	0	0% 	0	0	0	0	0	0	0	0	0	0	0	0	0	0	0	0	0	0	0	1	84% 	0	0	0	0	0	0
Jorge Herrando 	0	0	0	0	0	0	0	0	0% 	0	0	0% 	0	0	0	0	0	0	0	0	0	0	0	0	0	0	0	0	0	0	0	0	0% 	0	0	0	0	0	0
Josan Ferrández 	12	392	1	0	0	0	2	2	100% 	17	0	0% 	0	2	6	6	0	4	0	0	3	0	1	0	0	0	0	0	0	0	4	4	81% 	4	1	0	0	0	0
Joseba Zaldua 	10	637	0	1	0	0	1	0	0% 	12	3	25% 	0	2	4	12	11	6	0	0	4	0	0	0	0	0	0	0	2	0	2	2	71% 	0	0	0	0	0	0
Joselu S. Mato 	14	1260	7	1	0	0	39	16	41% 	6	2	33% 	1	6	31	8	3	1	0	0	1	0	0	1	2	2	0	0	3	0	7	7	61% 	0	0	0	1	0	0
Josep Gayà 	0	0	0	0	0	0	0	0	0% 	0	0	0% 	0	0	0	0	0	0	0	0	0	0	0	0	0	0	0	0	0	0	0	0	0% 	0	0	0	0	0	0
Joseph Aidoo 	14	1260	1	0	0	0	6	1	17% 	1	1	100% 	0	2	6	9	11	18	0	0	2	0	1	0	0	0	0	0	7	0	3	1	86% 	0	2	0	0	0	0
José Alonso Lara 	0	0	0	0	0	0	0	0	0% 	0	0	0% 	0	0	0	0	0	0	0	0	0	0	0	0	0	0	0	0	0	0	0	0	0% 	0	0	0	0	0	0
José Carlos Lazo 	8	137	1	0	0	0	6	2	33% 	4	1	25% 	0	1	3	2	2	2	0	0	0	0	0	0	0	0	0	0	0	0	1	1	79% 	0	0	0	1	0	0
José Gayà 	10	863	0	2	0	0	10	5	50% 	75	17	23% 	0	8	5	5	11	15	0	0	1	0	0	1	1	0	0	0	5	0	6	21	84% 	22	11	1	2	1	0
José Luis Morales 	13	424	1	0	0	0	12	8	67% 	2	0	0% 	0	6	2	2	0	2	0	0	0	0	0	0	0	0	0	0	1	0	7	2	63% 	0	0	0	0	0	0
José Manuel Copete 	12	997	0	0	0	0	3	0	0% 	3	0	0% 	0	0	13	18	23	16	0	0	3	0	1	0	0	0	0	0	6	0	7	1	80% 	0	4	0	0	0	0
José Mari 	10	286	0	0	0	0	2	0	0% 	1	0	0% 	0	0	6	3	5	4	0	0	1	0	0	0	0	0	0	0	1	0	2	5	81% 	0	1	0	0	0	0
José María Giménez 	9	735	0	0	0	0	11	3	27% 	0	0	0% 	0	1	2	8	11	8	0	0	5	0	1	0	0	0	0	0	8	0	0	0	87% 	0	6	0	0	0	0
José Ángel Carmona 	9	442	2	1	0	0	5	2	40% 	10	3	30% 	0	1	4	11	6	12	0	0	4	0	0	0	0	0	0	0	4	0	1	2	84% 	0	0	0	0	0	0
José Ángel Pozo 	6	75	0	0	0	0	1	0	0% 	3	0	0% 	0	1	3	2	1	1	0	0	0	0	0	0	0	0	0	0	0	0	0	2	81% 	0	2	0	0	0	0
João Félix 	12	513	2	3	0	0	19	9	47% 	8	1	13% 	0	5	17	14	4	5	0	0	5	0	0	0	0	0	0	0	0	0	5	8	76% 	3	2	0	0	0	0
Juan Cala 	3	137	0	0	0	0	1	0	0% 	0	0	0% 	0	0	5	1	1	1	0	0	0	0	0	0	0	0	0	0	1	0	0	0	82% 	0	3	0	0	0	0
Juan Carlos Martín 	10	900	0	0	26	18	0	0	0% 	0	0	0% 	0	0	0	0	1	0	0	0	0	0	0	0	0	0	0	0	0	1	0	0	82% 	0	3	0	0	0	0
Juan Cruz 	13	1006	0	0	0	0	1	0	0% 	22	9	41% 	0	2	3	9	6	8	0	0	4	0	0	0	0	0	0	0	4	0	5	8	81% 	0	1	0	0	0	0
Juan Foyth 	4	248	0	0	0	0	1	1	100% 	2	0	0% 	0	0	2	4	4	3	0	0	0	0	0	0	0	0	0	0	0	0	2	2	90% 	0	1	0	0	0	0
Juan Iglesias 	13	1027	1	0	0	0	10	4	40% 	46	12	26% 	1	4	11	20	8	18	0	0	3	0	0	0	0	0	0	0	6	0	3	7	66% 	0	1	0	0	0	0
Juan Manuel Pérez 	0	0	0	0	0	0	0	0	0% 	0	0	0% 	0	0	0	0	0	0	0	0	0	0	0	0	0	0	0	0	0	0	0	0	0% 	0	0	0	0	0	0
Juan Miguel Latasa 	6	57	0	0	0	0	5	2	40% 	0	0	0% 	0	2	3	1	1	1	0	0	0	0	0	0	0	0	0	0	1	0	0	0	70% 	0	0	0	0	0	0
Juan Miranda 	2	94	0	0	0	0	1	0	0% 	7	0	0% 	0	1	2	2	1	3	0	0	0	0	0	0	0	0	0	0	0	0	0	0	79% 	0	2	0	0	0	0
Juanjo Narváez 	5	147	0	0	0	0	3	0	0% 	1	0	0% 	0	0	9	1	0	0	0	0	0	0	0	0	0	0	0	0	0	0	1	0	74% 	0	0	0	0	0	0
Juanmi Jiménez 	4	313	2	0	0	0	7	4	57% 	0	0	0% 	0	1	9	4	2	0	0	0	2	0	0	0	0	0	0	0	0	0	6	1	90% 	0	0	0	0	0	0
Juanpe Ramírez 	7	615	0	0	0	0	1	0	0% 	1	0	0% 	0	0	1	5	4	4	0	0	2	0	0	0	0	0	0	0	1	0	1	1	89% 	0	2	0	0	0	0
Julen Agirrezabala 	0	0	0	0	0	0	0	0	0% 	0	0	0% 	0	0	0	0	0	0	0	0	0	0	0	0	0	0	0	0	0	0	0	0	0% 	0	0	0	0	0	0
Jules Koundé 	7	572	0	2	0	0	5	0	0% 	5	1	20% 	0	1	1	5	4	5	0	0	0	0	0	0	0	0	0	0	2	0	1	5	93% 	0	2	0	0	0	0
Justin Kluivert 	10	519	2	0	0	0	12	5	42% 	20	6	30% 	0	8	7	8	2	5	0	0	1	0	0	1	0	0	0	0	0	0	3	11	81% 	6	1	0	0	0	0
Jörgen Strand Larsen 	10	690	0	2	0	0	16	3	19% 	2	0	0% 	1	6	21	19	1	1	0	0	3	0	0	1	0	0	0	0	2	0	5	4	69% 	0	0	0	0	0	0
Kaiky Fernandes 	8	480	0	0	0	0	1	0	0% 	1	0	0% 	0	0	3	7	9	5	1	0	5	0	1	0	0	0	0	0	10	0	1	0	81% 	0	2	0	0	0	0
Kang-In Lee 	14	1094	2	3	0	0	20	7	35% 	68	18	26% 	1	11	19	17	4	9	0	0	4	0	0	0	0	0	0	0	1	0	23	22	83% 	32	17	2	3	0	0
Karim Benzema 	7	627	5	1	0	0	34	14	41% 	0	0	0% 	2	9	4	3	0	2	0	0	0	0	0	2	2	1	0	0	0	0	4	15	86% 	0	0	0	2	1	1
Karim Rekik 	7	423	1	1	0	0	5	1	20% 	1	1	100% 	0	0	0	10	7	1	0	0	1	0	0	0	0	0	0	0	1	0	0	3	92% 	0	0	0	0	0	0
Kasper Dolberg 	4	197	0	1	0	0	2	1	50% 	0	0	0% 	0	1	4	2	0	0	0	0	0	0	0	0	0	0	0	0	0	0	1	1	70% 	0	0	0	0	0	0
Keidi Bare 	11	330	0	0	0	0	4	2	50% 	4	1	25% 	0	0	7	9	10	3	0	0	0	0	0	0	0	0	0	0	2	0	2	2	85% 	1	0	0	0	0	0
Kenedy 	1	15	0	0	0	0	1	0	0% 	0	0	0% 	0	1	0	1	0	0	0	0	0	0	0	0	0	0	0	0	0	0	1	0	100% 	0	0	0	0	0	0
Kevin Vázquez 	1	71	0	0	0	0	0	0	0% 	1	1	100% 	0	0	0	3	0	1	0	0	0	0	0	0	0	0	0	0	0	0	0	2	79% 	0	0	0	0	0	0
Kike Barja 	7	286	1	0	0	0	2	2	100% 	26	4	15% 	0	4	5	5	2	1	0	0	0	0	0	0	0	0	0	0	0	0	6	3	83% 	0	0	0	0	0	0
Kike García 	14	428	2	0	0	0	19	7	37% 	1	0	0% 	0	3	11	11	1	1	0	0	3	0	0	2	1	1	0	0	0	0	4	6	73% 	0	0	0	0	0	0
Kike Pérez 	13	966	0	1	0	0	17	6	35% 	32	6	19% 	0	9	27	19	8	10	0	0	2	0	0	0	0	0	0	0	1	0	13	10	80% 	9	9	3	1	0	0
Kike Salas 	5	279	0	1	0	0	2	0	0% 	0	0	0% 	0	1	1	3	1	0	0	0	1	1	1	0	0	0	0	0	2	0	0	1	84% 	0	1	0	0	0	0
Kiko Casilla 	0	0	0	0	0	0	0	0	0% 	0	0	0% 	0	0	0	0	0	0	0	0	0	0	0	0	0	0	0	0	0	0	0	0	0% 	0	0	0	0	0	0
Kiko Femenia 	11	847	0	0	0	0	0	0	0% 	24	4	17% 	0	7	6	6	14	4	0	0	0	0	0	0	0	0	0	0	5	0	5	7	88% 	0	0	0	0	0	0
Kikín 	0	0	0	0	0	0	0	0	0% 	0	0	0% 	0	0	0	0	0	0	0	0	0	0	0	0	0	0	0	0	0	0	0	0	0% 	0	0	0	0	0	0
Koba Koindredi 	0	0	0	0	0	0	0	0	0% 	0	0	0% 	0	0	0	0	0	0	0	0	0	0	0	0	0	0	0	0	0	0	0	0	0% 	0	0	0	0	0	0
 Lago Júnior 	5	52	0	0	0	0	2	1	50% 	2	0	0% 	0	0	1	3	0	0	0	0	0	0	0	0	0	0	0	0	0	0	1	0	76% 	0	0	0	0	0	0
Largie Ramazani 	14	800	2	0	0	0	23	11	48% 	6	1	17% 	0	3	10	18	4	5	0	0	4	0	0	0	0	0	0	0	0	0	15	7	69% 	1	0	0	1	0	0
Lazaro Vinicius 	6	206	1	0	0	0	2	1	50% 	4	1	25% 	0	1	4	1	1	0	0	0	0	0	0	0	0	0	0	0	0	0	4	4	83% 	1	0	0	0	0	0
Leandro Cabrera 	13	1107	0	0	1	0	12	3	25% 	4	1	25% 	0	2	7	12	20	5	0	0	1	1	0	0	0	0	0	0	10	1	0	5	75% 	0	8	1	0	0	0
Leo Baptistâo 	11	563	2	1	0	0	15	5	33% 	8	3	38% 	0	3	6	15	7	9	0	0	3	0	0	0	0	0	0	0	0	0	4	7	69% 	0	0	0	0	0	0
Leo Román 	0	0	0	0	0	0	0	0	0% 	0	0	0% 	0	0	0	0	0	0	0	0	0	0	0	0	0	0	0	0	0	0	0	0	0% 	0	0	0	0	0	0
Lluc Matas 	0	0	0	0	0	0	0	0	0% 	0	0	0% 	0	0	0	0	0	0	0	0	0	0	0	0	0	0	0	0	0	0	0	0	0% 	0	0	0	0	0	0
Loren Morón 	2	15	0	0	0	0	0	0	0% 	0	0	0% 	0	0	0	2	0	2	0	0	1	0	0	0	0	0	0	0	0	0	0	0	75% 	0	0	0	0	0	0
Luca de la Torre 	5	54	0	0	0	0	0	0	0% 	0	0	0% 	0	0	0	3	0	2	0	0	0	0	0	0	0	0	0	0	1	0	0	0	93% 	0	0	0	0	0	0
Luca Koleosho 	2	24	0	0	0	0	0	0	0% 	1	0	0% 	0	1	0	0	0	0	0	0	0	0	0	0	0	0	0	0	0	0	0	0	58% 	0	0	0	0	0	0
Lucas Boyé 	12	761	1	2	0	0	10	4	40% 	6	5	83% 	0	4	13	17	5	5	0	0	2	1	0	0	1	0	0	0	2	0	19	7	81% 	0	0	0	0	0	0
Lucas Ocampos 	3	132	0	0	0	0	0	0	0% 	0	0	0% 	0	0	5	1	1	1	0	0	1	0	0	0	0	0	0	0	0	0	2	0	84% 	0	0	0	0	0	0
Lucas Olaza 	9	641	0	0	0	0	2	0	0% 	40	8	20% 	0	3	8	6	8	9	0	0	2	0	0	0	0	0	0	0	2	0	1	11	82% 	11	8	0	1	0	0
Lucas Pérez 	13	593	2	0	0	0	15	5	33% 	39	8	21% 	1	4	4	6	1	2	0	0	3	0	0	0	0	0	0	0	0	0	3	3	84% 	21	7	0	4	0	0
Lucas Robertone 	14	1017	1	1	0	0	15	3	20% 	52	14	27% 	0	6	30	15	16	9	0	0	3	0	0	0	0	0	0	0	3	0	7	15	84% 	23	11	0	2	0	0
Lucas Torró 	14	1122	0	0	0	0	14	2	14% 	1	0	0% 	1	6	17	25	12	11	0	0	5	0	0	0	0	0	0	0	1	0	4	3	82% 	0	0	0	0	0	0
Lucas Vázquez 	8	368	2	0	0	0	7	3	43% 	13	2	15% 	0	2	5	8	4	7	0	0	1	0	0	0	0	0	0	0	0	0	1	7	90% 	0	0	0	0	0	0
Luis Federico 	0	0	0	0	0	0	0	0	0% 	0	0	0% 	0	0	0	0	0	0	0	0	0	0	0	0	0	0	0	0	0	0	0	0	0% 	0	0	0	0	0	0
Luis Hernández 	12	1089	0	0	0	0	4	0	0% 	5	1	20% 	0	3	2	6	12	5	0	0	2	1	0	0	0	0	0	1	13	0	2	4	80% 	0	8	0	0	0	0
Luis Milla 	8	651	0	0	0	0	4	1	25% 	25	10	40% 	0	3	4	10	9	12	0	0	2	1	1	0	0	0	0	0	0	0	4	13	82% 	14	17	5	0	0	0
Luis Pérez 	5	387	0	0	0	0	0	0	0% 	10	3	30% 	0	0	3	4	5	8	0	0	1	0	0	0	0	0	0	0	3	0	1	3	79% 	0	0	0	0	0	0
Luiz Felipe 	7	414	0	0	0	0	1	0	0% 	0	0	0% 	0	0	1	3	3	6	0	0	0	1	0	0	0	0	0	0	5	0	1	1	89% 	0	2	0	0	0	0
Luiz Henrique 	12	741	0	1	0	0	16	6	38% 	10	2	20% 	0	9	15	4	6	16	0	0	1	0	0	0	0	0	0	0	0	0	14	5	76% 	0	0	0	0	0	0
Luka Modric 	13	926	3	2	0	0	18	4	22% 	28	6	21% 	0	8	6	13	5	5	0	0	3	0	0	0	1	1	0	0	4	0	8	21	91% 	16	5	0	0	0	0
Malcom Adu Ares 	1	5	0	0	0	0	1	0	0% 	0	0	0% 	0	0	0	0	0	0	0	0	0	0	0	0	0	0	0	0	0	0	1	0	100% 	0	0	0	0	0	0
Mamady Diarra 	2	66	0	0	0	0	3	0	0% 	0	0	0% 	0	0	1	1	0	1	0	0	0	0	0	0	0	0	0	0	0	0	1	0	89% 	0	0	0	0	0	0
Manu Sánchez 	10	469	0	1	0	0	4	0	0% 	23	6	26% 	0	3	4	5	5	11	0	0	0	0	0	1	0	0	0	0	1	0	1	3	83% 	0	0	0	0	0	0
Manu Trigueros 	6	250	0	0	0	0	2	1	50% 	0	0	0% 	0	1	6	4	0	2	0	0	1	0	0	0	0	0	0	0	1	0	0	1	90% 	0	1	0	0	0	0
Manu Vallejo 	7	206	0	1	0	0	1	1	100% 	7	2	29% 	0	1	6	1	0	1	0	0	0	0	0	2	0	0	0	0	0	0	1	3	81% 	0	0	0	0	0	0
Manuel Morlanes 	3	145	0	0	0	0	0	0	0% 	0	0	0% 	0	0	0	1	1	2	0	0	0	1	0	0	0	0	0	0	1	0	0	0	78% 	0	0	0	0	0	0
Marc-André ter Stegen 	14	1260	0	0	27	5	0	0	0% 	0	0	0% 	0	0	0	0	0	0	0	0	0	0	0	0	0	0	0	0	0	0	0	1	84% 	0	13	0	0	0	0
Marco Asensio 	9	186	1	2	0	0	8	3	38% 	14	3	21% 	0	5	3	3	0	4	0	0	0	0	1	1	0	0	0	0	0	0	2	7	97% 	5	2	0	0	0	0
Marco Moreno 	0	0	0	0	0	0	0	0	0% 	0	0	0% 	0	0	0	0	0	0	0	0	0	0	0	0	0	0	0	0	0	0	0	0	0% 	0	0	0	0	0	0
Marcos Acuña 	10	551	0	0	0	0	9	0	0% 	55	18	33% 	0	5	8	14	12	13	0	0	4	1	1	0	0	0	0	0	2	0	4	11	77% 	15	10	1	1	0	0
Marcos Alonso 	7	450	0	0	0	0	0	0	0% 	4	1	25% 	0	1	4	3	5	4	0	0	1	0	0	0	0	0	0	0	5	0	0	1	93% 	4	0	0	0	0	0
Marcos André 	11	375	1	0	0	0	15	2	13% 	0	0	0% 	1	2	11	8	0	1	0	0	1	1	0	0	0	0	0	0	0	0	9	3	64% 	0	0	0	0	0	0
Marcos Llorente 	8	662	1	0	0	0	8	1	13% 	18	2	11% 	0	6	8	10	8	7	0	0	1	0	0	0	0	0	0	0	0	0	3	9	86% 	0	0	0	0	0	0
Marcão 	4	360	0	0	0	0	0	0	0% 	0	0	0% 	0	0	6	5	4	2	0	0	2	0	0	0	0	0	0	0	3	0	1	0	87% 	0	3	0	0	0	0
Mariano Díaz 	4	24	0	0	0	0	1	0	0% 	0	0	0% 	0	0	0	0	0	0	0	0	0	0	0	0	0	0	0	0	0	0	0	1	57% 	0	0	0	0	0	0
Mario Hermoso 	3	121	1	0	0	0	1	1	100% 	0	0	0% 	0	0	0	2	3	0	0	0	3	1	0	0	0	0	0	0	2	0	0	0	84% 	0	0	0	0	0	0
Mario Hernández 	0	0	0	0	0	0	0	0	0% 	0	0	0% 	0	0	0	0	0	0	0	0	0	0	0	0	0	0	0	0	0	0	0	0	0% 	0	0	0	0	0	0
Mario Suárez 	1	6	0	0	0	0	0	0	0% 	0	0	0% 	0	0	0	0	0	0	0	0	0	0	0	0	0	0	0	0	0	0	0	0	67% 	0	0	0	0	0	0
Marko Dmitrovic 	3	225	0	0	11	3	0	0	0% 	0	0	0% 	0	0	1	0	0	0	0	0	1	0	0	0	0	0	0	0	0	0	0	0	69% 	0	2	0	0	0	0
Marko Milovanovic 	2	14	0	0	0	0	1	0	0% 	0	0	0% 	0	0	0	2	0	0	0	0	1	0	0	0	0	0	0	0	0	0	0	0	38% 	0	0	0	0	0	0
Martin Braithwaite 	9	701	3	1	0	0	17	7	41% 	4	0	0% 	0	6	9	9	2	0	0	0	2	1	0	0	0	0	0	0	0	0	4	4	64% 	0	0	0	1	0	0
Martin Svidersky 	0	0	0	0	0	0	0	0	0% 	0	0	0% 	0	0	0	0	0	0	0	0	0	0	0	0	0	0	0	0	0	0	0	0	0% 	0	0	0	0	0	0
Martin Valjent 	13	1155	0	0	0	0	0	0	0% 	1	0	0% 	0	0	4	15	19	8	0	0	5	0	0	0	0	0	0	0	10	0	0	2	83% 	0	9	0	0	0	0
Martín Montoya 	3	183	0	0	0	0	0	0	0% 	6	1	17% 	0	0	2	1	2	5	0	0	0	0	0	0	0	0	0	0	0	0	0	2	79% 	0	1	0	0	0	0
Martín Zubimendi 	14	1151	1	2	0	0	5	2	40% 	1	0	0% 	0	2	11	22	14	12	0	0	4	0	0	0	0	0	0	0	8	1	2	6	85% 	0	1	0	0	0	0
Matheus Cunha 	11	377	0	2	0	0	12	8	67% 	3	1	33% 	1	5	6	7	2	1	0	0	2	0	0	0	0	0	0	0	1	0	6	6	78% 	0	0	0	0	0	0
Matija Nastasic 	4	285	0	0	0	0	2	1	50% 	0	0	0% 	0	0	0	3	7	3	0	0	1	0	0	0	0	0	0	0	0	0	0	0	81% 	0	1	0	0	0	0
Mauro Arambarri 	6	516	0	1	0	0	5	0	0% 	26	7	27% 	0	0	8	9	5	4	0	0	2	1	0	0	0	0	0	0	3	0	0	9	91% 	9	18	2	1	0	0
Maxi Gómez 	3	108	0	0	0	0	3	0	0% 	0	0	0% 	0	1	3	4	0	0	0	0	0	0	0	0	0	0	0	0	0	0	0	2	62% 	0	0	0	1	0	0
Memphis Depay 	2	114	1	0	0	0	6	3	50% 	4	1	25% 	0	2	2	2	0	1	0	0	0	0	0	0	0	0	0	0	0	0	2	3	84% 	2	1	0	0	0	0
Mickaël Malsa 	4	39	0	0	0	0	0	0	0% 	0	0	0% 	0	0	0	2	1	1	0	0	0	0	0	0	0	0	0	0	1	0	1	0	50% 	0	0	0	0	0	0
Miguel Angel Morro 	0	0	0	0	0	0	0	0	0% 	0	0	0% 	0	0	0	0	0	0	0	0	0	0	0	0	0	0	0	0	0	0	0	0	0% 	0	0	0	0	0	0
Miguel Baeza 	0	0	0	0	0	0	0	0	0% 	0	0	0% 	0	0	0	0	0	0	0	0	0	0	0	0	0	0	0	0	0	0	0	0	0% 	0	0	0	0	0	0
Miguel Gutiérrez 	13	911	0	2	0	0	8	1	13% 	39	10	26% 	0	5	8	8	5	8	0	0	3	0	0	0	0	0	0	0	0	0	9	10	84% 	0	0	0	0	0	0
Miguel Llabrés 	0	0	0	0	0	0	0	0	0% 	0	0	0% 	0	0	0	0	0	0	0	0	0	0	0	0	0	0	0	0	0	0	0	0	0% 	0	0	0	0	0	0
Miguel Rodríguez 	0	0	0	0	0	0	0	0	0% 	0	0	0% 	0	0	0	0	0	0	0	0	0	0	0	0	0	0	0	0	0	0	0	0	0% 	0	0	0	0	0	0
Mikel Balenziaga 	1	45	0	0	0	0	0	0	0% 	2	1	50% 	0	0	0	1	1	2	0	0	0	0	0	0	0	0	0	0	0	0	0	0	80% 	0	0	0	0	0	0
Mikel Merino 	14	1124	1	6	0	0	24	11	46% 	10	2	20% 	1	3	18	33	13	21	0	0	5	0	0	0	1	0	0	0	5	0	6	19	77% 	0	0	0	0	0	0
Mikel Vesga 	13	925	2	2	0	0	12	2	17% 	6	3	50% 	1	0	11	15	17	15	0	0	2	0	0	1	1	1	0	0	3	0	2	13	82% 	0	0	0	0	0	0
Miralem Pjanic 	0	0	0	0	0	0	0	0	0% 	0	0	0% 	0	0	0	0	0	0	0	0	0	0	0	0	0	0	0	0	0	0	0	0	0% 	0	0	0	0	0	0
Mohamed-Ali Cho 	7	244	0	2	0	0	9	5	56% 	13	3	23% 	0	6	6	5	1	2	0	0	1	0	0	1	0	0	0	0	0	0	7	5	83% 	0	0	0	0	0	0
Moi Gómez 	14	1139	1	1	0	0	11	3	27% 	66	21	32% 	2	2	10	7	6	6	0	0	2	0	0	0	0	0	0	0	2	0	11	30	87% 	33	15	3	0	0	0
Moi Parra 	1	10	0	0	0	0	0	0	0% 	0	0	0% 	0	0	0	0	0	0	0	0	0	0	0	0	0	0	0	0	0	0	0	0	100% 	0	0	0	0	0	0
Momo Mbaye 	3	209	0	0	0	0	1	0	0% 	0	0	0% 	0	0	0	1	3	1	0	0	0	0	0	0	0	0	0	0	1	0	2	0	76% 	0	0	0	0	0	0
Monchu Rodríguez 	12	659	1	1	0	0	9	2	22% 	36	14	39% 	0	5	10	17	8	15	0	0	4	0	0	0	0	0	0	0	7	0	1	8	82% 	20	18	1	1	0	0
Mouctar Diakhaby 	10	791	2	0	0	0	4	2	50% 	1	1	100% 	1	1	3	9	5	8	0	0	5	1	0	0	0	0	0	0	6	0	0	2	84% 	0	2	0	0	0	0
Munir El Haddadi 	8	234	1	0	0	0	7	1	14% 	6	0	0% 	0	2	12	9	1	2	0	0	2	0	0	0	0	0	0	0	0	0	3	1	69% 	0	3	0	0	0	0
Nabil Fekir 	8	430	1	1	0	0	11	2	18% 	19	3	16% 	0	2	19	7	0	1	0	0	4	1	0	1	0	0	0	0	0	0	8	9	85% 	10	3	0	4	2	1
Nabil Touaizi 	1	3	0	0	0	0	0	0	0% 	0	0	0% 	0	0	0	0	0	0	0	0	0	0	0	0	0	0	0	0	0	0	0	0	100% 	0	0	0	0	0	0
Nacho Fernández 	7	147	0	0	0	0	0	0	0% 	0	0	0% 	0	0	0	1	3	1	0	0	0	0	0	0	0	0	0	0	2	0	0	1	97% 	0	0	0	0	0	0
Nacho Vidal 	13	891	0	0	0	0	8	1	13% 	20	2	10% 	0	4	12	21	17	12	0	0	2	0	0	0	0	0	0	0	2	1	6	3	78% 	0	1	0	0	0	0
Nahuel Molina 	11	928	0	0	0	0	5	1	20% 	44	7	16% 	0	6	5	6	6	12	0	0	2	1	0	0	0	0	0	0	1	1	5	10	78% 	6	2	1	0	0	0
Nemanja Gudelj 	12	1035	2	0	0	0	17	5	29% 	0	0	0% 	2	2	11	9	11	10	0	0	4	0	0	0	0	0	0	0	13	0	0	2	92% 	0	3	0	1	0	0
Nemanja Maksimovic 	12	711	0	0	0	0	4	1	25% 	4	1	25% 	0	3	5	5	10	4	0	0	0	0	0	0	0	0	0	0	9	0	0	3	83% 	0	0	0	0	0	0
Nico González 	12	517	1	0	0	0	9	2	22% 	2	1	50% 	0	1	5	11	4	4	0	0	1	0	1	0	0	0	0	1	2	0	10	3	91% 	0	1	1	0	0	0
Nico Melamed 	9	178	0	0	0	0	3	0	0% 	4	0	0% 	1	2	8	8	1	3	0	0	2	0	0	0	0	0	0	0	0	0	5	2	85% 	0	0	0	1	0	0
Nico Williams 	14	1071	3	3	0	0	24	11	46% 	58	10	17% 	0	16	13	4	3	8	0	0	0	0	0	1	0	0	0	0	1	0	19	19	79% 	7	1	0	0	0	0
Nicolas Jackson 	13	772	2	2	0	0	16	7	44% 	4	1	25% 	0	11	11	20	1	6	0	0	1	0	0	0	0	0	0	0	2	0	10	8	73% 	0	0	0	0	0	0
Nicolás Fernández Mercau 	8	294	0	0	0	0	1	1	100% 	11	4	36% 	0	4	5	6	4	9	0	0	2	0	0	0	0	0	0	1	0	0	1	5	78% 	4	1	0	0	0	0
Oier Zarraga 	9	224	0	0	0	0	7	2	29% 	10	1	10% 	0	2	2	2	1	0	0	0	1	0	0	0	0	0	0	0	0	0	1	3	88% 	1	2	0	0	0	0
Oihan Sancet 	14	938	3	0	0	0	17	5	29% 	4	0	0% 	0	3	21	14	3	5	0	0	2	0	0	0	1	1	0	0	0	0	12	14	87% 	1	1	0	0	0	0
Omar Alderete 	2	135	0	0	0	0	2	0	0% 	0	0	0% 	0	1	2	2	2	0	0	0	1	0	0	0	0	0	0	0	1	0	0	0	72% 	0	2	0	0	0	0
Omar El Hilali 	5	92	0	0	0	0	0	0	0% 	2	0	0% 	0	1	2	0	1	2	0	0	1	0	0	0	0	0	0	0	0	0	0	1	54% 	0	0	0	0	0	0
Omar Mascarell 	12	1014	0	0	0	0	2	0	0% 	2	2	100% 	0	0	3	9	14	10	0	0	3	0	0	0	0	0	0	0	4	0	4	7	86% 	0	2	0	0	0	0
Oriol Romeu 	11	990	1	0	0	0	11	2	18% 	10	3	30% 	1	1	6	24	14	16	0	0	4	0	0	0	0	0	0	0	4	0	3	6	88% 	0	2	0	0	0	0
Ousmane Dembélé 	14	866	4	5	0	0	31	12	39% 	58	18	31% 	1	11	7	11	0	8	0	0	3	0	0	0	0	0	0	0	0	0	16	31	84% 	22	3	0	0	0	0
Pablo Gavi 	14	803	0	1	0	0	5	0	0% 	20	3	15% 	0	11	17	34	11	11	0	0	2	0	0	0	0	0	0	0	1	0	9	17	92% 	0	0	0	0	0	0
Pablo Ibáñez 	4	35	0	0	0	0	2	1	50% 	0	0	0% 	0	0	0	0	1	0	0	0	0	0	0	0	0	0	0	0	0	0	0	2	72% 	0	0	0	0	0	0
Pablo Maffeo 	12	1017	1	0	0	0	5	1	20% 	38	7	18% 	0	7	20	12	11	15	0	0	3	1	0	0	0	0	0	0	7	0	8	9	73% 	0	1	0	0	0	0
Pablo Muñoz 	2	11	0	0	0	0	0	0	0% 	0	0	0% 	0	0	1	2	0	0	0	0	0	0	0	0	0	0	0	0	0	0	0	0	100% 	0	0	0	0	0	0
Pablo Torre 	1	14	0	0	0	0	0	0	0% 	1	0	0% 	0	0	0	0	0	0	0	0	0	0	0	0	0	0	0	0	0	0	0	0	67% 	1	0	0	0	0	0
Papu Gómez 	12	655	0	1	0	0	15	5	33% 	24	6	25% 	0	6	13	4	4	4	0	0	4	0	1	0	0	0	0	0	1	0	3	7	91% 	4	1	0	0	0	0
Pathé Ciss 	13	643	1	0	0	0	10	3	30% 	0	0	0% 	0	0	8	17	11	19	0	0	3	0	0	0	0	0	0	0	9	0	1	2	86% 	0	0	0	0	0	0
Pau Torres 	13	1170	0	0	0	0	4	0	0% 	1	0	0% 	0	1	10	10	3	5	1	0	5	0	0	0	0	0	0	0	10	0	7	9	87% 	0	4	0	0	0	0
 Pau Víctor 	0	0	0	0	0	0	0	0	0% 	0	0	0% 	0	0	0	0	0	0	0	0	0	0	0	0	0	0	0	0	0	0	0	0	0% 	0	0	0	0	0	0
Paul Akouokou 	6	238	0	0	0	0	2	1	50% 	0	0	0% 	0	0	3	4	5	5	0	0	2	0	0	0	0	0	0	0	0	0	0	0	92% 	0	0	0	0	0	0
Paulo Gazzaniga 	4	360	0	0	13	4	0	0	0% 	0	0	0% 	0	0	1	0	0	0	0	0	1	0	0	0	0	0	0	0	0	0	0	0	67% 	0	4	0	0	0	0
Pedri González 	14	1025	3	0	0	0	10	4	40% 	4	0	0% 	0	3	22	4	9	12	0	0	0	0	0	0	0	0	0	0	0	0	13	19	91% 	0	0	0	0	0	0
Pedro Bigas 	13	969	0	0	0	0	6	2	33% 	2	1	50% 	0	1	8	6	19	10	0	0	3	0	1	1	0	0	0	0	6	0	3	0	82% 	0	9	0	0	0	0
Pep Chavarría 	4	65	0	0	0	0	0	0	0% 	6	1	17% 	0	2	0	3	0	0	0	0	1	0	0	0	0	0	0	0	0	0	0	1	77% 	1	0	0	0	0	0
Pepe Reina 	0	0	0	0	0	0	0	0	0% 	0	0	0% 	0	0	0	0	0	0	0	0	0	0	0	0	0	0	0	0	0	0	0	0	0% 	0	0	0	0	0	0
Pere Joan García 	0	0	0	0	0	0	0	0	0% 	0	0	0% 	0	0	0	0	0	0	0	0	0	0	0	0	0	0	0	0	0	0	0	0	0% 	0	0	0	0	0	0
Pere Milla 	13	808	3	1	0	0	11	5	45% 	9	2	22% 	1	1	22	9	4	10	0	0	3	0	0	0	1	1	0	0	1	0	5	8	76% 	0	1	0	0	0	0
Peru Nolaskoain 	0	0	0	0	0	0	0	0	0% 	0	0	0% 	0	0	0	0	0	0	0	0	0	0	0	0	0	0	0	0	0	0	0	0	0% 	0	0	0	0	0	0
Pervis J. Estupiñán 	0	0	0	0	0	0	0	0	0% 	0	0	0% 	0	0	0	0	0	0	0	0	0	0	0	0	0	0	0	0	0	0	0	0	0% 	0	0	0	0	0	0
Pierre-Emerick Aubameyang 	1	9	0	0	0	0	1	1	100% 	0	0	0% 	0	0	0	0	0	0	0	0	0	0	0	0	0	0	0	0	0	0	0	0	100% 	0	0	0	0	0	0
Pol Lirola 	8	548	1	0	0	0	1	1	100% 	29	5	17% 	0	6	3	3	6	6	1	0	1	0	0	0	0	0	0	0	0	0	6	7	78% 	0	1	0	0	0	0
Pol Lozano 	4	17	0	0	0	0	0	0	0% 	1	0	0% 	0	0	0	1	0	0	0	0	1	0	0	0	0	0	0	0	0	0	0	0	71% 	0	0	0	0	0	0
Predrag Rajkovic 	14	1260	0	0	35	13	0	0	0% 	0	0	0% 	0	0	3	0	0	0	0	0	1	0	0	0	0	0	0	0	0	0	2	0	60% 	0	22	0	0	0	0
Radamel Falcao 	12	404	2	0	0	0	13	4	31% 	0	0	0% 	0	1	9	9	1	3	0	0	2	0	0	0	1	1	0	0	1	0	2	1	73% 	0	0	0	0	0	0
Rafa Mir 	9	559	2	0	0	0	25	8	32% 	5	0	0% 	0	5	8	8	2	1	0	0	1	0	0	0	0	0	0	0	0	0	0	3	72% 	0	0	0	0	0	0
Ramón Terrats 	6	140	0	0	0	0	3	0	0% 	2	0	0% 	0	2	2	2	2	1	0	0	0	0	0	0	0	0	0	0	1	0	1	1	77% 	0	0	0	0	0	0
Randy Nteka 	7	71	0	0	0	0	2	0	0% 	0	0	0% 	0	1	4	0	1	2	0	0	0	1	0	0	0	0	0	0	0	0	1	0	76% 	0	0	0	0	0	0
Raphinha 	13	571	2	2	0	0	26	6	23% 	46	14	30% 	1	18	9	5	7	7	0	0	1	0	0	0	0	0	0	0	1	0	13	20	80% 	24	4	0	4	0	0
Raúl Albiol 	13	1159	0	0	0	0	1	0	0% 	1	0	0% 	0	1	11	9	9	9	0	0	4	0	0	0	0	0	0	0	9	0	2	0	88% 	0	3	0	0	0	0
Raúl García 	13	355	1	1	0	0	23	5	22% 	5	1	20% 	0	2	10	4	2	4	0	0	1	0	0	0	0	0	0	0	1	0	2	3	67% 	0	0	0	0	0	0
Raúl Guti 	11	618	0	0	0	0	5	3	60% 	2	0	0% 	0	0	14	4	7	8	0	0	1	0	0	0	0	0	0	0	2	0	2	0	86% 	0	0	0	0	0	0
Reinier Jesus 	7	313	1	0	0	0	4	2	50% 	0	0	0% 	1	0	8	2	1	3	0	0	1	0	0	0	0	0	0	0	0	0	5	3	81% 	0	0	0	0	0	0
Reinildo Mandava 	14	1238	0	0	0	0	3	0	0% 	11	4	36% 	0	2	18	25	20	32	0	0	2	0	0	0	0	0	0	0	10	0	2	7	87% 	0	1	0	0	0	0
Renan Lodi 	0	0	0	0	0	0	0	0	0% 	0	0	0% 	0	0	0	0	0	0	0	0	0	0	0	0	0	0	0	0	0	0	0	0	0% 	0	0	0	0	0	0
Renato Tapia 	11	638	0	0	0	0	2	1	50% 	4	1	25% 	0	0	7	8	11	11	0	0	2	0	1	0	0	0	0	0	8	0	7	8	88% 	1	3	1	0	0	0
Ricard Artero 	0	0	0	0	0	0	0	0	0% 	0	0	0% 	0	0	0	0	0	0	0	0	0	0	0	0	0	0	0	0	0	0	0	0	0% 	0	0	0	0	0	0
Robert Lewandowski 	14	1064	13	4	0	0	51	29	57% 	9	3	33% 	3	11	18	19	0	4	0	0	2	1	0	0	1	0	0	0	0	0	12	15	80% 	0	0	0	1	0	0
Robert Navarro 	8	155	0	0	0	0	6	2	33% 	5	1	20% 	0	4	3	7	0	2	0	0	2	0	0	0	0	0	0	0	0	0	2	4	84% 	2	1	0	0	0	0
Roberto Arroyo 	1	15	0	0	0	0	0	0	0% 	1	0	0% 	0	1	0	0	0	1	0	0	0	0	0	0	0	0	0	0	0	0	1	0	0% 	0	0	0	0	0	0
Roberto Torres 	2	11	0	0	0	0	0	0	0% 	2	1	50% 	0	0	0	0	0	0	0	0	0	0	0	0	0	0	0	0	0	0	1	2	100% 	0	1	1	0	0	0
Robin Le Normand 	11	816	0	0	0	0	1	0	0% 	0	0	0% 	0	0	9	13	9	5	0	0	3	0	0	0	0	0	0	0	8	0	1	2	93% 	0	0	0	0	0	0
Rodri Sánchez 	11	696	1	0	0	0	5	2	40% 	14	2	14% 	0	6	15	3	5	5	0	0	0	0	0	1	0	0	0	0	0	0	4	3	90% 	0	0	0	0	0	0
Rodrigo Battaglia 	11	590	0	0	0	0	2	0	0% 	1	0	0% 	0	1	10	10	5	5	0	0	5	0	2	0	0	0	0	0	7	0	0	0	83% 	0	0	0	0	0	0
Rodrigo De Paul 	12	670	1	1	0	0	8	3	38% 	21	7	33% 	0	2	19	9	2	1	0	0	2	0	0	0	0	0	0	0	2	0	5	15	84% 	4	6	2	0	0	0
Rodrigo Ely 	14	1233	0	0	0	0	8	2	25% 	0	0	0% 	0	2	4	10	15	7	0	0	3	1	0	0	0	0	0	0	15	0	1	1	83% 	0	5	0	1	0	0
Rodrigo Riquelme 	13	796	3	0	0	0	22	9	41% 	19	4	21% 	0	5	16	9	3	0	0	0	0	0	0	0	0	0	0	0	0	0	9	6	76% 	0	2	0	1	1	0
Rodrygo Goes 	12	912	4	4	0	0	40	13	33% 	8	3	38% 	2	14	19	9	3	4	0	0	1	0	0	1	1	1	0	0	0	0	20	17	88% 	1	0	0	2	0	0
Roger Martí 	8	430	0	1	0	0	4	1	25% 	5	3	60% 	0	3	8	11	1	1	0	0	1	0	0	0	0	0	0	0	0	0	3	8	76% 	0	0	0	0	0	0
Ronald Araújo 	6	510	0	0	0	0	3	0	0% 	1	0	0% 	0	0	3	2	7	7	0	0	2	0	0	0	0	0	0	0	0	0	1	1	88% 	0	4	0	0	0	0
Roque Mesa 	12	863	2	1	0	0	14	7	50% 	8	2	25% 	0	3	15	21	7	9	0	0	4	0	1	0	0	0	0	0	0	0	8	12	84% 	0	2	0	0	0	0
Rubén Alcaraz 	10	513	0	0	0	0	9	0	0% 	9	6	67% 	0	2	13	10	4	9	0	0	5	1	0	0	0	0	0	0	0	0	1	6	80% 	2	5	2	1	0	0
Rubén García 	11	426	1	2	0	0	11	1	9% 	35	12	34% 	1	3	7	7	5	1	0	0	2	0	0	0	0	0	0	0	0	0	1	12	83% 	17	8	3	0	0	0
Rubén Peña 	10	570	0	1	0	0	9	2	22% 	20	5	25% 	0	5	2	15	8	8	0	0	1	1	0	0	0	0	0	0	3	0	5	7	77% 	0	0	0	0	0	0
Rubén Sobrino 	11	799	1	0	0	0	13	7	54% 	3	0	0% 	0	6	16	20	6	4	0	0	3	0	0	0	0	0	0	0	0	0	4	7	77% 	0	0	0	0	0	0
Rubén Sánchez 	4	245	0	0	0	0	6	0	0% 	13	1	8% 	0	5	0	2	7	6	0	0	0	0	0	0	0	0	0	0	0	0	4	1	79% 	0	0	0	0	0	0
Rui Silva 	12	1080	0	0	37	11	0	0	0% 	0	0	0% 	0	0	0	0	0	1	0	0	2	0	0	0	0	0	0	0	0	0	0	0	65% 	0	36	0	0	0	0
Salvi Sánchez 	10	262	0	0	0	0	2	2	100% 	17	3	18% 	0	7	5	3	2	4	0	0	2	0	0	0	0	0	0	0	0	0	2	2	60% 	1	0	0	0	0	0
Samu Castillejo 	10	612	2	0	0	0	19	6	32% 	27	6	22% 	0	7	19	18	2	2	0	0	4	0	0	0	0	0	0	0	2	0	14	12	87% 	7	2	0	2	1	0
Samuel Chukwueze 	13	538	0	1	0	0	14	2	14% 	7	4	57% 	1	4	10	6	2	3	0	0	1	0	0	0	0	0	0	0	0	0	13	14	76% 	0	0	0	0	0	0
Samuel Lino 	14	1215	2	0	0	0	38	16	42% 	39	4	10% 	0	15	23	19	4	16	0	0	3	0	0	2	0	0	0	0	0	0	25	14	83% 	0	0	0	0	0	0
Samuel Sáiz 	6	193	1	0	0	0	2	1	50% 	5	2	40% 	0	1	4	2	0	2	0	0	1	0	0	0	1	1	0	0	0	1	2	3	82% 	1	0	0	0	0	0
Samú Costa 	11	768	0	0	0	0	5	2	40% 	2	0	0% 	0	0	15	22	13	10	0	0	3	0	0	0	0	0	0	0	4	0	0	5	80% 	0	1	0	1	1	0
Santi Bueno 	14	1260	0	1	0	0	8	1	13% 	0	0	0% 	0	1	16	18	20	13	0	0	2	0	0	1	0	0	0	0	12	0	2	3	87% 	0	2	0	0	0	0
Santi Comesaña 	12	729	1	0	0	0	12	2	17% 	5	0	0% 	0	2	10	17	11	16	0	0	2	0	0	0	0	0	0	0	1	0	5	12	84% 	0	0	0	0	0	0
Santiago Arzamendia 	4	255	0	0	0	0	3	1	33% 	5	0	0% 	0	0	1	3	0	1	0	0	0	0	0	0	0	0	0	0	0	1	2	4	71% 	0	1	0	0	0	0
Saúl Ñíguez 	11	465	0	0	0	0	9	4	44% 	9	0	0% 	0	1	2	19	7	15	0	0	5	0	0	0	0	0	0	0	1	0	7	1	78% 	0	0	0	0	0	0
Sergi Darder 	14	1233	2	1	0	0	18	4	22% 	81	21	26% 	1	10	29	12	13	12	0	0	2	0	0	0	0	0	0	0	0	0	16	32	79% 	43	26	4	0	0	0
Sergi Guardiola 	11	377	0	0	0	0	10	3	30% 	3	1	33% 	1	2	7	11	2	7	0	0	0	0	0	0	0	0	0	0	0	0	0	2	64% 	0	0	0	0	0	0
Sergi Gómez 	11	895	0	0	0	0	2	0	0% 	2	1	50% 	0	0	2	5	15	6	0	0	0	1	0	0	0	0	0	0	6	0	0	1	87% 	0	7	0	0	0	0
Sergi Roberto 	9	377	2	0	0	0	5	3	60% 	10	4	40% 	0	0	4	5	8	5	1	0	1	0	0	0	0	0	0	0	1	0	1	3	93% 	0	0	0	0	0	0
Sergio Akieme 	14	1260	0	0	0	0	16	5	31% 	38	10	26% 	0	16	9	12	9	12	0	0	3	0	0	0	0	0	0	0	3	0	16	9	81% 	0	7	0	0	0	0
Sergio Asenjo 	5	450	0	0	5	7	0	0	0% 	0	0	0% 	0	0	2	0	0	0	0	0	0	0	0	0	0	0	0	0	0	2	0	0	63% 	0	2	0	0	0	0
Sergio Busquets 	12	909	0	1	0	0	2	1	50% 	1	1	100% 	0	1	19	13	13	11	0	0	6	1	0	0	0	0	0	0	4	0	2	7	89% 	0	4	0	0	0	0
Sergio Camello 	14	934	2	2	0	0	29	9	31% 	2	1	50% 	0	5	7	4	0	5	0	0	0	0	0	0	0	0	0	0	0	0	9	13	81% 	0	0	0	0	0	0
Sergio Canales 	11	866	1	0	0	0	7	2	29% 	57	15	26% 	0	5	13	2	2	3	0	0	4	1	0	0	0	0	0	0	0	0	9	22	81% 	27	11	1	1	0	0
Sergio Diez 	0	0	0	0	0	0	0	0	0% 	0	0	0% 	0	0	0	0	0	0	0	0	0	0	0	0	0	0	0	0	0	0	0	0	0% 	0	0	0	0	0	0
Sergio Escudero 	9	709	0	0	0	0	11	4	36% 	23	6	26% 	0	4	8	9	11	14	0	0	2	0	0	0	0	0	0	0	2	0	2	7	74% 	6	5	0	2	0	0
Sergio Herrera 	10	900	0	0	24	11	0	0	0% 	1	1	100% 	0	0	1	1	1	0	0	0	3	0	1	0	0	0	0	0	0	0	0	1	58% 	1	8	0	0	0	0
Sergio León 	13	625	5	1	0	0	16	13	81% 	4	1	25% 	0	5	11	4	0	2	0	0	0	0	0	0	2	1	0	0	0	0	2	7	69% 	0	1	0	0	0	0
Sergio Reguilón 	1	22	0	0	0	0	0	0	0% 	1	0	0% 	0	1	3	0	0	1	0	0	0	0	0	0	0	0	0	0	0	0	0	0	92% 	0	0	0	0	0	0
Shon Weissman 	11	561	1	0	0	0	14	7	50% 	2	1	50% 	0	5	5	4	1	1	0	0	1	0	0	0	0	0	0	0	0	0	2	3	77% 	0	0	0	0	0	0
Simo Keddari 	3	69	0	0	0	0	0	0	0% 	0	0	0% 	0	0	0	1	0	1	0	0	0	0	0	0	0	0	0	0	1	0	0	0	80% 	0	0	0	0	0	0
Srdjan Babic 	13	1125	1	0	0	0	2	2	100% 	2	1	50% 	0	3	2	8	7	7	0	0	1	0	0	0	0	0	0	0	6	0	2	4	88% 	0	3	0	0	0	0
Stefan Mitrovic 	13	1035	0	0	0	0	1	0	0% 	0	0	0% 	0	0	3	7	10	3	0	0	3	0	0	0	0	0	0	0	6	1	0	0	83% 	0	10	0	0	0	0
Stefan Savic 	10	885	0	0	0	0	0	0	0% 	1	0	0% 	0	0	3	16	16	14	0	0	2	0	0	0	0	0	0	0	2	0	1	1	88% 	0	2	0	0	0	0
Stole Dimitrievski 	13	1170	0	0	33	13	0	0	0% 	0	0	0% 	0	0	1	0	0	0	0	0	3	0	0	0	0	0	0	0	0	2	0	0	54% 	0	15	0	0	0	0
Suso Fernández 	4	88	0	0	0	0	5	1	20% 	7	1	14% 	0	2	4	1	0	2	0	0	1	0	0	0	0	0	0	0	0	0	1	3	84% 	1	1	0	1	0	0
Takefusa Kubo 	12	842	2	2	0	0	21	10	48% 	29	7	24% 	0	16	14	13	2	7	0	0	0	0	0	0	0	0	0	0	0	0	4	12	78% 	12	0	0	1	0	0
Tanguy Nianzou 	10	640	0	0	0	0	3	0	0% 	0	0	0% 	0	0	6	3	8	8	0	0	0	1	0	0	0	0	0	0	4	0	3	0	91% 	0	2	0	0	0	0
Taty Castellanos 	14	1114	3	0	0	0	29	10	34% 	3	1	33% 	1	7	20	15	3	3	0	0	4	0	0	0	0	0	0	0	2	0	8	9	68% 	0	0	0	0	0	0
Tecatito Corona 	1	62	0	0	0	0	0	0	0% 	2	0	0% 	0	0	3	1	0	0	0	0	0	0	0	0	0	0	0	0	0	0	0	1	88% 	0	0	0	0	0	0
Tete Morente 	11	718	0	0	0	0	11	3	27% 	27	4	15% 	0	8	11	12	3	4	0	0	3	0	0	0	0	0	0	0	1	0	5	4	85% 	3	5	1	0	0	0
Thibaut Courtois 	10	900	0	0	26	12	0	0	0% 	0	0	0% 	0	0	0	0	0	0	0	0	0	0	0	0	0	0	0	0	0	1	0	1	82% 	0	4	0	0	0	0
Thierry Correia 	14	1211	0	0	0	0	4	0	0% 	44	13	30% 	0	10	29	24	17	21	0	0	3	0	0	1	0	0	0	0	1	1	7	8	80% 	0	2	0	0	0	0
Thomas Delaney 	8	309	0	0	0	0	3	1	33% 	4	1	25% 	1	0	5	4	3	2	0	0	3	0	0	0	0	0	0	0	2	0	0	2	88% 	0	0	0	0	0	0
Thomas Lemar 	9	390	0	2	0	0	1	0	0% 	18	4	22% 	0	4	5	0	3	3	0	0	0	0	0	0	0	0	0	0	2	0	5	13	90% 	6	3	0	0	0	0
Théo Bongonda 	9	446	1	0	0	0	7	2	29% 	10	1	10% 	0	2	6	2	1	4	0	0	0	0	0	0	0	0	0	0	0	0	5	2	79% 	2	1	0	0	0	0
Tino Kadewere 	0	0	0	0	0	0	0	0	0% 	0	0	0% 	0	0	0	0	0	0	0	0	0	0	0	0	0	0	0	0	0	0	0	0	0% 	0	0	0	0	0	0
Tomás Alarcón 	4	223	0	0	0	0	2	1	50% 	6	2	33% 	0	2	3	4	2	2	0	0	2	1	0	0	0	0	0	0	0	0	0	1	84% 	2	4	1	0	0	0
Toni Fuidias 	0	0	0	0	0	0	0	0	0% 	0	0	0% 	0	0	0	0	0	0	0	0	0	0	0	0	0	0	0	0	0	0	0	0	0% 	0	0	0	0	0	0
Toni Kroos 	11	859	1	2	0	0	12	4	33% 	49	13	27% 	0	3	11	10	8	12	0	0	2	1	0	0	0	0	0	0	2	0	2	20	94% 	29	21	3	1	0	0
Toni Villa 	12	380	0	0	0	0	8	1	13% 	15	2	13% 	0	6	9	3	2	6	0	0	1	0	0	0	0	0	0	0	0	0	7	4	80% 	2	0	0	0	0	0
Umar Sadiq 	5	322	3	0	0	0	8	4	50% 	0	0	0% 	0	1	3	12	0	1	0	0	1	0	0	0	0	0	0	0	0	0	6	3	74% 	0	0	0	0	0	0
Unai García 	13	1117	0	1	0	0	4	1	25% 	2	1	50% 	0	2	2	12	17	8	0	0	4	1	1	0	0	0	0	0	11	0	4	2	79% 	0	9	0	0	0	0
Unai López 	13	553	1	2	0	0	13	4	31% 	23	6	26% 	0	5	10	10	7	5	0	0	0	0	0	0	0	0	0	0	1	1	4	9	86% 	9	7	1	2	0	0
Unai Marrero 	0	0	0	0	0	0	0	0	0% 	0	0	0% 	0	0	0	0	0	0	0	0	0	0	0	0	0	0	0	0	0	0	0	0	0% 	0	0	0	0	0	0
Unai Núñez 	13	1170	0	0	0	0	6	1	17% 	1	0	0% 	0	1	12	13	21	7	0	0	3	0	0	0	0	0	0	1	5	1	3	3	89% 	0	1	0	0	0	0
Unai Simón 	14	1260	0	0	27	14	0	0	0% 	1	0	0% 	0	0	0	0	0	0	0	0	1	0	0	0	0	0	0	0	0	0	0	0	71% 	0	9	0	0	0	0
 Unai Vencedor 	6	141	0	0	0	0	3	2	67% 	2	0	0% 	0	0	2	8	1	1	0	0	2	0	0	0	0	0	0	0	0	0	0	1	91% 	0	1	0	0	0	0
Urko González de Zarate 	0	0	0	0	0	0	0	0	0% 	0	0	0% 	0	0	0	0	0	0	0	0	0	0	0	0	0	0	0	0	0	0	0	0	0% 	0	0	0	0	0	0
Uros Racic 	0	0	0	0	0	0	0	0	0% 	0	0	0% 	0	0	0	0	0	0	0	0	0	0	0	0	0	0	0	0	0	0	0	0	0% 	0	0	0	0	0	0
Valery Fernández 	9	399	0	1	0	0	4	0	0% 	10	2	20% 	0	1	9	1	2	2	0	0	1	0	1	1	0	0	0	0	0	0	4	12	89% 	0	0	0	0	0	0
Vedat Muriqi 	12	1038	8	1	0	0	36	17	47% 	5	0	0% 	0	6	12	21	4	4	0	0	3	1	0	0	3	2	0	0	2	0	2	12	61% 	0	0	0	0	0	0
Vicente Bellmunt 	0	0	0	0	0	0	0	0	0% 	0	0	0% 	0	0	0	0	0	0	0	0	0	0	0	0	0	0	0	0	0	0	0	0	0% 	0	0	0	0	0	0
Vinicius Junior 	14	1227	6	3	0	0	36	16	44% 	21	3	14% 	0	18	48	23	5	11	0	0	3	0	0	0	0	0	0	0	0	0	34	27	82% 	0	0	0	0	0	0
Vinicius Souza 	14	1188	0	0	0	0	4	1	25% 	3	1	33% 	0	3	18	36	29	34	0	0	4	0	0	0	0	0	0	0	9	1	6	7	82% 	0	0	0	0	0	0
Víctor Chust 	11	851	1	0	0	0	1	1	100% 	0	0	0% 	0	0	2	8	10	6	0	0	3	0	1	0	0	0	0	0	3	0	1	1	83% 	0	3	0	0	0	0
Víctor Ruiz 	4	341	0	0	0	0	1	0	0% 	0	0	0% 	0	1	1	1	3	0	0	0	0	0	0	0	0	0	0	0	3	0	0	1	82% 	0	0	0	0	0	0
William Carvalho 	13	926	2	0	0	0	12	5	42% 	2	1	50% 	0	4	16	13	6	8	0	0	3	0	0	0	0	0	0	0	4	0	14	4	87% 	0	3	0	0	0	0
Willian José 	10	268	0	0	0	0	8	1	13% 	3	0	0% 	0	1	1	1	0	3	0	0	0	0	0	0	0	0	0	0	0	0	0	3	83% 	0	0	0	0	0	0
Williot Swedberg 	1	34	0	0	0	0	0	0	0% 	0	0	0% 	0	0	1	1	0	0	0	0	1	0	0	0	0	0	0	0	0	0	0	0	92% 	0	0	0	0	0	0
Yan Couto 	10	506	0	0	0	0	2	0	0% 	27	4	15% 	0	4	5	5	3	9	0	0	1	0	0	0	0	0	0	0	1	0	14	5	81% 	0	0	0	0	0	0
Yangel Herrera 	11	629	0	2	0	0	14	6	43% 	15	3	20% 	1	6	14	21	2	7	0	0	1	0	0	0	0	0	0	0	1	0	5	8	81% 	0	0	0	0	0	0
Yannick F. Carrasco 	13	739	1	0	0	0	21	7	33% 	30	9	30% 	0	8	6	11	4	10	0	0	1	0	0	0	0	0	0	0	1	0	14	18	85% 	11	11	3	0	0	0
Yassine Bono 	12	1035	0	0	41	19	0	0	0% 	0	0	0% 	0	0	1	0	1	1	0	0	2	0	0	0	0	0	1	0	0	0	0	0	69% 	0	17	0	0	0	0
Yellu Santiago 	0	0	0	0	0	0	0	0	0% 	0	0	0% 	0	0	0	0	0	0	0	0	0	0	0	0	0	0	0	0	0	0	0	0	0% 	0	0	0	0	0	0
Yeray Álvarez 	12	1056	0	1	0	0	5	0	0% 	6	4	67% 	0	0	11	9	26	10	0	0	2	0	0	0	0	0	0	0	10	0	1	6	82% 	0	10	0	0	0	0
Youssef En Nesyri 	10	362	0	0	0	0	16	6	38% 	2	0	0% 	0	2	2	1	1	2	0	0	0	0	0	0	0	0	0	0	1	0	1	1	57% 	0	0	0	0	0	0
Youssouf Sabaly 	9	630	0	0	0	0	3	1	33% 	4	0	0% 	0	0	15	6	8	7	0	0	0	0	0	0	0	0	0	0	3	0	5	6	82% 	0	1	0	0	0	0
Yunus Musah 	11	846	0	2	0	0	8	0	0% 	11	1	9% 	1	4	13	15	7	15	0	0	5	0	0	0	0	0	0	0	0	0	8	6	83% 	0	0	0	0	0	0
Yuri Berchiche 	6	440	0	0	0	0	7	2	29% 	16	2	13% 	0	4	5	6	7	6	0	0	2	0	0	0	0	0	0	0	2	0	2	3	86% 	0	0	0	0	0	0
Yéremi Pino 	13	697	1	0	0	0	13	5	38% 	12	3	25% 	1	5	17	23	6	12	0	0	2	0	0	0	0	0	0	0	1	0	11	8	81% 	0	0	0	0	0	0
Zou Feddal 	7	349	0	0	0	0	1	0	0% 	1	0	0% 	0	1	2	4	5	3	0	0	1	0	1	0	0	0	0	0	9	0	0	2	80% 	0	3	0	0	0	0
Álex Alfaro 	1	15	0	0	0	0	0	0	0% 	0	0	0% 	0	0	0	2	0	0	0	0	0	0	0	0	0	0	0	0	0	0	0	0	100% 	0	0	0	0	0	0
Álex Baena 	13	630	4	0	0	0	18	10	56% 	7	3	43% 	0	2	15	22	2	5	0	0	6	1	0	1	0	0	0	0	2	0	9	11	78% 	2	0	0	0	0	0
Álex Berenguer 	13	1026	3	1	0	0	26	10	38% 	54	17	31% 	2	14	12	24	2	15	0	0	0	0	0	0	0	0	0	0	1	0	4	24	74% 	24	15	3	1	0	0
Álex Centelles 	0	0	0	0	0	0	0	0	0% 	0	0	0% 	0	0	0	0	0	0	0	0	0	1	0	0	0	0	0	0	0	0	0	0	0% 	0	0	0	0	0	0
Álex Collado 	8	514	1	1	0	0	11	5	45% 	10	2	20% 	1	4	6	7	1	12	0	0	0	0	0	0	0	0	0	0	1	0	6	11	84% 	4	0	0	0	0	0
Álex Fernández 	12	699	2	0	0	0	9	6	67% 	15	3	20% 	0	3	5	2	4	2	0	0	0	0	0	0	0	0	0	0	1	0	0	6	88% 	7	6	1	0	0	0
Álex Moreno 	13	1170	0	3	0	0	11	4	36% 	25	3	12% 	1	15	19	12	15	15	0	0	1	0	1	0	0	0	0	0	4	0	9	9	79% 	0	2	0	0	0	0
Álex Remiro 	14	1260	0	0	37	17	0	0	0% 	0	0	0% 	0	0	0	0	0	0	0	0	0	0	0	0	0	0	1	0	0	1	0	1	72% 	0	12	0	0	0	0
Álex Revuelta 	1	-3	0	0	0	0	0	0	0% 	0	0	0% 	0	0	0	0	0	0	0	0	0	0	0	0	0	0	0	0	0	0	0	0	0% 	0	0	0	0	0	0
Álex Sola 	5	275	0	0	0	0	4	1	25% 	6	1	17% 	0	1	6	3	3	8	0	0	1	0	0	0	0	0	0	0	0	0	2	1	80% 	0	1	0	0	0	0
Álvaro Aceves 	0	0	0	0	0	0	0	0	0% 	0	0	0% 	0	0	0	0	0	0	0	0	0	0	0	0	0	0	0	0	0	0	0	0	0% 	0	0	0	0	0	0
Álvaro Aguado 	13	747	0	2	0	0	6	1	17% 	17	4	24% 	0	1	9	4	4	1	0	0	1	0	1	0	0	0	0	0	3	0	3	14	86% 	7	6	0	0	0	0
Álvaro Fernández 	4	360	0	0	14	7	0	0	0% 	0	0	0% 	0	0	0	0	0	0	0	0	0	0	0	0	0	0	0	0	0	2	0	1	63% 	0	1	0	0	0	0
Álvaro García 	13	1096	3	1	0	0	18	12	67% 	59	12	20% 	0	12	14	16	7	10	0	0	2	0	0	1	0	0	0	0	1	0	6	13	73% 	3	1	0	0	0	0
Álvaro Giménez 	1	17	0	0	0	0	0	0	0% 	0	0	0% 	0	0	1	1	0	0	0	0	0	0	0	0	0	0	0	0	0	0	0	0	100% 	0	0	0	0	0	0
Álvaro Morata 	14	845	5	1	0	0	30	15	50% 	3	1	33% 	0	5	23	19	0	6	0	0	3	0	0	0	0	0	0	0	3	0	8	8	62% 	0	0	0	0	0	0
Álvaro Negredo 	10	410	1	1	0	0	6	4	67% 	0	0	0% 	0	1	5	3	0	4	0	0	0	0	0	0	0	0	0	0	1	0	2	4	58% 	0	0	0	0	0	0
Álvaro Odriozola 	0	0	0	0	0	0	0	0	0% 	0	0	0% 	0	0	0	0	0	0	0	0	0	0	0	0	0	0	0	0	0	0	0	0	0% 	0	0	0	0	0	0
Ángel Algobia 	8	362	0	0	0	0	2	0	0% 	5	3	60% 	0	0	2	12	1	6	0	0	2	0	0	0	0	0	0	0	2	0	0	3	83% 	0	0	0	0	0	0
Ángel Correa 	14	513	3	0	0	0	20	7	35% 	15	4	27% 	0	11	7	9	6	2	0	0	1	0	0	0	0	0	0	0	0	0	10	9	84% 	5	1	0	0	0	0
Ángel Fortuño 	0	0	0	0	0	0	0	0	0% 	0	0	0% 	0	0	0	0	0	0	0	0	0	0	0	0	0	0	0	0	0	0	0	0	0% 	0	0	0	0	0	0
Ángel Rodríguez 	5	149	0	0	0	0	6	3	50% 	1	0	0% 	1	2	1	1	0	0	0	0	0	0	0	0	0	0	0	0	0	0	0	2	70% 	0	0	0	0	0	0
Éder Militão 	12	913	3	0	0	0	8	3	38% 	2	0	0% 	0	0	16	13	13	9	0	0	1	0	1	0	0	0	0	0	13	0	4	3	88% 	0	2	0	0	0	0
Édgar González 	11	845	0	0	0	0	2	0	0% 	0	0	0% 	0	1	8	6	10	11	0	0	4	1	0	0	0	0	0	0	8	0	1	1	89% 	0	3	0	0	0	0
Érik Lamela 	13	956	3	0	0	0	23	9	39% 	14	4	29% 	0	17	10	37	2	12	0	0	5	1	0	0	0	0	0	0	0	0	11	14	80% 	4	1	0	1	0	0
Étienne Capoue 	10	836	0	0	0	0	10	3	30% 	4	0	0% 	0	2	10	7	10	6	0	0	1	0	0	0	0	0	0	0	2	0	8	3	88% 	0	1	0	0	0	0
Íñigo Lekue 	12	948	0	1	0	0	9	1	11% 	28	5	18% 	0	8	3	10	13	9	0	0	1	0	0	0	0	0	0	0	1	1	6	8	83% 	0	2	0	0	0	0
Íñigo Martínez 	9	810	0	0	0	0	7	1	14% 	2	0	0% 	0	1	9	8	13	3	0	0	1	0	0	0	0	0	0	0	5	0	0	4	85% 	0	4	0	2	0	0
Íñigo Ruiz de Galarreta 	12	856	0	0	0	0	7	2	29% 	12	1	8% 	0	3	16	21	9	14	0	0	5	0	0	0	0	0	0	0	3	0	4	7	87% 	1	5	1	0	0	0
Óliver Torres 	12	850	3	0	0	0	7	3	43% 	14	4	29% 	0	5	19	7	6	8	0	0	1	0	0	0	0	0	0	0	2	0	8	13	80% 	1	2	0	0	0	0
Óscar De Marcos 	14	1078	0	3	0	0	1	0	0% 	49	20	41% 	0	4	5	21	5	12	0	0	2	0	0	0	0	0	0	0	4	0	2	19	81% 	0	1	0	0	0	0
Óscar Gil 	11	868	0	1	0	0	5	2	40% 	16	5	31% 	0	2	14	17	9	13	0	0	4	0	0	0	0	0	0	0	3	0	6	7	80% 	0	1	0	0	0	0
Óscar Mingueza 	10	473	0	0	0	0	3	0	0% 	11	3	27% 	0	2	2	9	4	9	0	0	2	0	1	0	0	0	0	0	3	0	2	3	85% 	0	2	0	0	0	0
Óscar Plano 	14	829	1	1	0	0	14	5	36% 	11	4	36% 	1	5	24	9	13	10	0	0	1	0	0	1	0	0	0	0	1	0	2	7	75% 	0	0	0	0	0	0
Óscar Rodríguez 	13	999	2	0	0	0	26	11	42% 	48	10	21% 	0	2	17	14	13	16	0	0	2	0	0	0	0	0	0	0	1	0	5	14	85% 	23	18	3	4	3	0
Óscar Trejo 	12	841	2	2	0	0	8	4	50% 	18	2	11% 	0	7	33	30	1	15	0	0	6	0	0	0	2	1	0	0	2	0	16	18	84% 	5	5	0	0	0	0
Óscar Ureña 	3	100	0	0	0	0	1	1	100% 	4	0	0% 	0	0	1	2	1	2	0	0	0	0	0	0	0	0	0	0	0	0	4	0	83% 	0	0	0	0	0	0
Óscar Valentín 	14	957	0	0	0	0	7	0	0% 	3	1	33% 	0	2	16	31	21	24	0	0	5	0	0	0	0	0	0	0	5	0	1	10	84% 	0	0	0	0	0	0
Chadi Riad 	1	2	0	0	0	0	0	0	0% 	0	0	0% 	0	0	0	0	0	0	0	0	0	0	0	0	0	0	0	0	0	0	0	0	100% 	0	0	0	0	0	0
Lautaro Spatz 	0	0	0	0	0	0	0	0	0% 	0	0	0% 	0	0	0	0	0	0	0	0	0	0	0	0	0	0	0	0	0	0	0	0	0% 	0	0	0	0	0	0
Adrián Corral 	0	0	0	0	0	0	0	0	0% 	0	0	0% 	0	0	0	0	0	0	0	0	0	0	0	0	0	0	0	0	0	0	0	0	0% 	0	0	0	0	0	0
Alberto del Moral 	1	5	0	0	0	0	0	0	0% 	0	0	0% 	0	0	0	0	0	0	0	0	0	0	0	0	0	0	0	0	0	0	0	0	0% 	0	0	0	0	0	0
Alberto Perea 	1	45	0	0	0	0	0	0	0% 	1	0	0% 	0	0	2	0	0	0	0	0	0	0	0	0	0	0	0	0	0	0	2	0	91% 	0	0	0	0	0	0
Alejandro Iturbe 	0	0	0	0	0	0	0	0	0% 	0	0	0% 	0	0	0	0	0	0	0	0	0	0	0	0	0	0	0	0	0	0	0	0	0% 	0	0	0	0	0	0
Alex Padilla 	0	0	0	0	0	0	0	0	0% 	0	0	0% 	0	0	0	0	0	0	0	0	0	0	0	0	0	0	0	0	0	0	0	0	0% 	0	0	0	0	0	0
Alvaro Rodríguez 	0	0	0	0	0	0	0	0	0% 	0	0	0% 	0	0	0	0	0	0	0	0	0	0	0	0	0	0	0	0	0	0	0	0	0% 	0	0	0	0	0	0
Biel Farrés 	0	0	0	0	0	0	0	0	0% 	0	0	0% 	0	0	0	0	0	0	0	0	0	0	0	0	0	0	0	0	0	0	0	0	0% 	0	0	0	0	0	0
Carles Marco 	0	0	0	0	0	0	0	0	0% 	0	0	0% 	0	0	0	0	0	0	0	0	0	0	0	0	0	0	0	0	0	0	0	0	0% 	0	0	0	0	0	0
Carlos Martín 	0	0	0	0	0	0	0	0	0% 	0	0	0% 	0	0	0	0	0	0	0	0	0	0	0	0	0	0	0	0	0	0	0	0	0% 	0	0	0	0	0	0
Coke Carrillo 	0	0	0	0	0	0	0	0	0% 	0	0	0% 	0	0	0	0	0	0	0	0	0	0	0	0	0	0	0	0	0	0	0	0	0% 	0	0	0	0	0	0
Diego Piñeiro 	0	0	0	0	0	0	0	0	0% 	0	0	0% 	0	0	0	0	0	0	0	0	0	0	0	0	0	0	0	0	0	0	0	0	0% 	0	0	0	0	0	0
Eric Monjonell 	0	0	0	0	0	0	0	0	0% 	0	0	0% 	0	0	0	0	0	0	0	0	0	0	0	0	0	0	0	0	0	0	0	0	0% 	0	0	0	0	0	0
Félix Garreta 	0	0	0	0	0	0	0	0	0% 	0	0	0% 	0	0	0	0	0	0	0	0	0	0	0	0	0	0	0	0	0	0	0	0	0% 	0	0	0	0	0	0
Hugo Álvarez 	0	0	0	0	0	0	0	0	0% 	0	0	0% 	0	0	0	0	0	0	0	0	0	0	0	0	0	0	0	0	0	0	0	0	0% 	0	0	0	0	0	0
Iago Herrerín 	0	0	0	0	0	0	0	0	0% 	0	0	0% 	0	0	0	0	0	0	0	0	0	0	0	0	0	0	0	0	0	0	0	0	0% 	0	0	0	0	0	0
Joel Sánchez 	0	0	0	0	0	0	0	0	0% 	0	0	0% 	0	0	0	0	0	0	0	0	0	0	0	0	0	0	0	0	0	0	0	0	0% 	0	0	0	0	0	0
Jon Magunazelaia 	2	65	0	0	0	0	1	1	100% 	2	1	50% 	0	1	1	1	0	0	0	0	0	0	0	0	0	0	0	0	0	0	1	2	50% 	0	1	1	0	0	0
Jonathan Gómez 	0	0	0	0	0	0	0	0	0% 	0	0	0% 	0	0	0	0	0	0	0	0	0	0	0	0	0	0	0	0	0	0	0	0	0% 	0	0	0	0	0	0
Juan Cruz 	5	174	1	0	0	0	5	2	40% 	6	0	0% 	0	1	2	3	0	0	0	0	0	0	0	0	0	0	0	0	0	0	2	2	73% 	0	0	0	0	0	0
Lucas Cañizares 	0	0	0	0	0	0	0	0	0% 	0	0	0% 	0	0	0	0	0	0	0	0	0	0	0	0	0	0	0	0	0	0	0	0	0% 	0	0	0	0	0	0
Lucas Rosa 	5	323	0	0	0	0	2	1	50% 	9	1	11% 	0	2	4	4	7	6	0	0	1	0	0	0	0	0	0	0	1	0	1	0	68% 	0	0	0	0	0	0
Luis Bilbao 	0	0	0	0	0	0	0	0	0% 	0	0	0% 	0	0	0	0	0	0	0	0	0	0	0	0	0	0	0	0	0	0	0	0	0% 	0	0	0	0	0	0
Marc Casadó 	0	0	0	0	0	0	0	0	0% 	0	0	0% 	0	0	0	0	0	0	0	0	0	0	0	0	0	0	0	0	0	0	0	0	0% 	0	0	0	0	0	0
Mario Domínguez 	0	0	0	0	0	0	0	0	0% 	0	0	0% 	0	0	0	0	0	0	0	0	0	0	0	0	0	0	0	0	0	0	0	0	0% 	0	0	0	0	0	0
Matías Árbol 	0	0	0	0	0	0	0	0	0% 	0	0	0% 	0	0	0	0	0	0	0	0	0	0	0	0	0	0	0	0	0	0	0	0	0% 	0	0	0	0	0	0
Pablo Barrios 	1	19	0	0	0	0	1	1	100% 	0	0	0% 	0	0	1	0	0	0	0	0	0	0	0	0	0	0	0	0	0	0	0	0	88% 	0	0	0	0	0	0
Pablo Durán 	3	29	0	0	0	0	0	0	0% 	1	0	0% 	0	0	0	1	1	0	0	0	0	0	0	0	0	0	0	0	1	0	1	0	71% 	0	0	0	0	0	0
Pablo Marín 	3	106	0	0	0	0	5	2	40% 	2	0	0% 	0	0	0	2	0	1	0	0	1	0	0	0	0	0	0	0	0	0	2	4	85% 	0	0	0	0	0	0
Pablo Ramírez 	0	0	0	0	0	0	0	0	0% 	0	0	0% 	0	0	0	0	0	0	0	0	0	0	0	0	0	0	0	0	0	0	0	0	0% 	0	0	0	0	0	0
Raúl García Gonzalez 	0	0	0	0	0	0	0	0	0% 	0	0	0% 	0	0	0	0	0	0	0	0	0	0	0	0	0	0	0	0	0	0	0	0	0% 	0	0	0	0	0	0
Roberto González 	2	54	0	0	0	0	0	0	0% 	5	2	40% 	0	2	4	1	1	0	0	0	1	0	0	0	0	0	0	0	0	0	1	3	96% 	3	1	0	0	0	0
Rodrigo Mendoza 	0	0	0	0	0	0	0	0	0% 	0	0	0% 	0	0	0	0	0	0	0	0	0	0	0	0	0	0	0	0	0	0	0	0	0% 	0	0	0	0	0	0
Roger Martínez 	0	0	0	0	0	0	0	0	0% 	0	0	0% 	0	0	0	0	0	0	0	0	0	0	0	0	0	0	0	0	0	0	0	0	0% 	0	0	0	0	0	0
Sekou Gassama 	1	36	0	0	0	0	2	0	0% 	0	0	0% 	0	0	0	1	0	0	0	0	0	0	0	0	0	0	0	0	0	0	0	1	78% 	0	0	0	0	0	0
Sergio Mestre 	0	0	0	0	0	0	0	0	0% 	0	0	0% 	0	0	0	0	0	0	0	0	0	0	0	0	0	0	0	0	0	0	0	0	0% 	0	0	0	0	0	0
Tiago Ribeiro 	0	0	0	0	0	0	0	0	0% 	0	0	0% 	0	0	0	0	0	0	0	0	0	0	0	0	0	0	0	0	0	0	0	0	0% 	0	0	0	0	0	0
Tincho Conde 	0	0	0	0	0	0	0	0	0% 	0	0	0% 	0	0	0	0	0	0	0	0	0	0	0	0	0	0	0	0	0	0	0	0	0% 	0	0	0	0	0	0
Victor Aznar 	0	0	0	0	0	0	0	0	0% 	0	0	0% 	0	0	0	0	0	0	0	0	0	0	0	0	0	0	0	0	0	0	0	0	0% 	0	0	0	0	0	0
Álex Sala 	0	0	0	0	0	0	0	0	0% 	0	0	0% 	0	0	0	0	0	0	0	0	0	0	0	0	0	0	0	0	0	0	0	0	0% 	0	0	0	0	0	0